0.046030651	0.957701259	0	1	
0.061366327	1.463342613	0	1	
0.085897825	2.417822542	0	1	
0.108891675	3.428031472	0	1	
0.15032871	3.993267421	0	1	
0.184103276	4.165823305	0	1	
0.220910187	5.345796299	0	1	
0.239308273	6.075642185	0	1	
0.268489223	5.911891269	0	1	
0.260753737	7.421298894	0	1	
0.309859684	8.211383642	0	1	
0.320537318	10.05903086	0	1	
0.440229037	12.08975698	0	1	
0.530707592	15.12339034	0	1	
0.630287477	21.06738753	0	1	
0.676215045	24.65423055	0	1	
0.670055863	25.10092157	0	1	
0.729669787	32.15821023	0	1	
0.740343125	34.11774496	0	1	
0.74803566	33.72721245	0	1	
0.012204544	2.12779551	1	1	
0.022931571	2.688736353	1	1	
0.029047802	3.360920441	1	1	
0.030572564	3.640853974	1	1	
0.047422265	4.706147639	1	1	
0.056603054	5.546592505	1	1	
0.081110929	7.116453746	1	1	
0.076474362	7.899022058	1	1	
0.093351981	8.2370469	1	1	
0.122479243	9.471889873	1	1	
0.122459915	9.975383674	1	1	
0.140842968	11.09683585	1	1	
0.16077226	11.938784	1	1	
0.188331808	14.01256855	1	1	
0.22207416	15.02428077	1	1	
0.258851005	16.98746634	1	1	
0.358503907	21.02937584	1	1	
0.45201266	25.12637007	1	1	
0.510247854	28.09954982	1	1	
0.57155405	31.07315908	1	1	
0.592973743	33.09014085	1	1	