0.022025095	0.512584035	0	0
0.071795743	1.602067811	0	0
0.087515472	3.278402058	0	0
0.09888843	3.222095478	0	0
0.101424654	3.819867485	0	0
0.110416717	4.121059146	0	0
0.120811591	3.049535228	0	0
0.141496978	5.264665194	0	0
0.160845084	4.255515375	0	0
0.180814504	7.067446545	0	0
0.199291314	5.699827682	0	0
0.201189234	7.372036017	0	0
0.241831905	7.324466665	0	0
0.250350703	9.715069291	0	0
0.240817416	11.08535786	0	0
0.273001966	14.02033832	0	0
0.292864597	16.1755212	0	0
0.313006334	15.0472053	0	0
0.29219717	17.07084436	0	0
0.322444968	18.09479892	0	0
0.333189331	19.17263306	0	0
0.322765333	20.06504381	0	0
0.345059826	27.17617649	0	0