0.181082831	1.371867401	2	5
0.200571841	3.872753265	2	5
0.320560599	7.514570936	2	5
0.561882186	9.798267372	2	5
0.742170795	14.12464413	2	5
1.325313718	19.83296881	2	5
1.78767366	24.85398517	2	5
2.330677778	29.87866717	2	5
4.001356288	39.9546071	2	5
4.543016337	49.97922802	2	5
5.850734962	60.2659425	2	5
5.646436383	70.2566562	2	5
6.329345927	79.83315209	2	5
6.649051209	90.52950233	2	5
7.251316577	100.1023326	2	5
7.325118217	125.5602326	2	5
7.943329138	150.8156059	2	5
0.228495741	11.53451821	5	2
0.764404986	24.80644643	5	2
1.704656924	35.49636723	5	2
2.317100881	50.78779213	5	2
3.200159609	58.88240477	5	2
3.313215954	70.98940928	5	2
5.096181023	99.57105093	5	2
7.884460849	200.5159581	5	2