0.046030651	0.957701259	0	1	190
0.061366327	1.463342613	0	1	190
0.085897825	2.417822542	0	1	190
0.108891675	3.428031472	0	1	190
0.15032871	3.993267421	0	1	190
0.184103276	4.165823305	0	1	190
0.220910187	5.345796299	0	1	190
0.239308273	6.075642185	0	1	190
0.268489223	5.911891269	0	1	190
0.260753737	7.421298894	0	1	190
0.309859684	8.211383642	0	1	190
0.320537318	10.05903086	0	1	190
0.440229037	12.08975698	0	1	190
0.530707592	15.12339034	0	1	190
0.630287477	21.06738753	0	1	190
0.676215045	24.65423055	0	1	190
0.670055863	25.10092157	0	1	190
0.729669787	32.15821023	0	1	190
0.740343125	34.11774496	0	1	190
0.74803566	33.72721245	0	1	190
0.012204544	2.12779551	1	1	190
0.022931571	2.688736353	1	1	190
0.029047802	3.360920441	1	1	190
0.030572564	3.640853974	1	1	190
0.047422265	4.706147639	1	1	190
0.056603054	5.546592505	1	1	190
0.081110929	7.116453746	1	1	190
0.076474362	7.899022058	1	1	190
0.093351981	8.2370469	1	1	190
0.122479243	9.471889873	1	1	190
0.122459915	9.975383674	1	1	190
0.140842968	11.09683585	1	1	190
0.16077226	11.938784	1	1	190
0.188331808	14.01256855	1	1	190
0.22207416	15.02428077	1	1	190
0.258851005	16.98746634	1	1	190
0.358503907	21.02937584	1	1	190
0.45201266	25.12637007	1	1	190
0.510247854	28.09954982	1	1	190
0.57155405	31.07315908	1	1	190
0.592973743	33.09014085	1	1	190
0.181082831	1.371867401	2	5	190
0.200571841	3.872753265	2	5	190
0.320560599	7.514570936	2	5	190
0.561882186	9.798267372	2	5	190
0.742170795	14.12464413	2	5	190
1.325313718	19.83296881	2	5	190
1.78767366	24.85398517	2	5	190
2.330677778	29.87866717	2	5	190
4.001356288	39.9546071	2	5	190
4.543016337	49.97922802	2	5	190
5.850734962	60.2659425	2	5	190
5.646436383	70.2566562	2	5	190
6.329345927	79.83315209	2	5	190
6.649051209	90.52950233	2	5	190
7.251316577	100.1023326	2	5	190
7.325118217	125.5602326	2	5	190
7.943329138	150.8156059	2	5	190
0.228495741	11.53451821	5	2	190
0.764404986	24.80644643	5	2	190
1.704656924	35.49636723	5	2	190
2.317100881	50.78779213	5	2	190
3.200159609	58.88240477	5	2	190
3.313215954	70.98940928	5	2	190
5.096181023	99.57105093	5	2	190
7.884460849	200.5159581	5	2	190
0.974930362	0.5	0	0.2	94.56847122
1.643454039	0.5	0	0.2	105.0433202
1.532033426	0.5	0	0.2	107.9647198
2.86908078	0.5	0	0.2	123.5572749
3.983286908	0.5	0	0.2	125.5121098
5.208913649	0.5	0	0.2	135.0163242
4.986072423	0.5	0	0.2	146.9467858
6.880222841	0.5	0	0.2	153.2894856
6.991643454	0.5	0	0.2	159.1343197
7.103064067	0.5	0	0.2	163.0311019
7.437325905	0.5	0	0.2	171.7993705
7.325905292	0.5	0	0.2	174.7207702
8.662952646	0.5	0	0.2	173.9983902
8.440111421	0.5	0	0.2	178.136644
7.883008357	0.5	0	0.2	180.5683175
1.977715877	1	0	0.2	87.02587454
3.426183844	1	0	0.2	98.96651051
4.317548747	1	0	0.2	99.45894982
6.323119777	1	0	0.2	114.3250552
7.548746518	1	0	0.2	122.3682307
9.442896936	1	0	0.2	130.6589824
10.8913649	1	0	0.2	144.0606573
13.67688022	1	0	0.2	156.4964458
14.56824513	1	0	0.2	154.3103136
18.46796657	1	0	0.2	168.213924
20.80779944	1	0	0.2	172.124272
20.36211699	1	0	0.2	179.1832471
22.92479109	1	0	0.2	181.1468998
21.69916435	1	0	0.2	187.2271009
9.665738162	1.5	0	0.2	93.40384546
12.33983287	1.5	0	0.2	100.2383063
14.12256267	1.5	0	0.2	101.2231849
15.57103064	1.5	0	0.2	108.0501845
22.47910864	1.5	0	0.2	114.4234074
22.03342618	1.5	0	0.2	118.3167981
27.71587744	1.5	0	0.2	124.1955468
26.82451253	1.5	0	0.2	128.0862244
32.06128134	1.5	0	0.2	138.3453768
33.5097493	1.5	0	0.2	136.8931556
41.75487465	1.5	0	0.2	148.3881543
42.86908078	1.5	0	0.2	152.5345476
44.09470752	1.5	0	0.2	154.4900608
47.10306407	1.5	0	0.2	158.160972