0.304046243	0.706382979	100	0	0
0.391907514	0.893617021	100	0	0
0.530635838	1.268085106	100	0	0
0.699421965	1.880851064	100	0	0
0.803468208	2.493617021	100	0	0
0.875144509	3.191489362	100	0	0
0.942196532	3.770212766	100	0	0
1.027745665	4.995744681	100	0	0
1.09017341	7.514893617	100	0	0
1.171098266	10.08510638	100	0	0
0.241618497	0.638297872	100	0	100
0.341040462	0.995744681	100	0	100
0.440462428	1.234042553	100	0	100
0.593063584	1.880851064	100	0	100
0.653179191	2.561702128	100	0	100
0.750289017	3.123404255	100	0	100
0.798843931	3.804255319	100	0	100
0.852023121	5.029787234	100	0	100
0.942196532	7.582978723	100	0	100
0.974566474	10.01702128	100	0	100
0.243930636	0.604255319	100	0	200
0.315606936	0.927659574	100	0	200
0.421965318	1.30212766	100	0	200
0.567630058	1.89787234	100	0	200
0.646242775	2.561702128	100	0	200
0.706358382	3.072340426	100	0	200
0.743352601	3.736170213	100	0	200
0.810404624	5.080851064	100	0	200
0.89132948	7.531914894	100	0	200
0.96300578	10.11914894	100	0	200