0.18974359	0.568965517	25	0	0
0.217948718	0.655172414	25	0	0
0.284615385	0.879310345	25	0	0
0.317948718	1.25862069	25	0	0
0.330769231	1.896551724	25	0	0
0.356410256	2.568965517	25	0	0
0.371794872	3.120689655	25	0	0
0.382051282	3.793103448	25	0	0
0.382051282	5.034482759	25	0	0
0.41025641	7.551724138	25	0	0
0.415384615	10.10344828	25	0	0
0.256410256	0.568965517	50	0	0
0.333333333	0.982758621	50	0	0
0.41025641	1.224137931	50	0	0
0.484615385	1.931034483	50	0	0
0.541025641	2.5	50	0	0
0.566666667	3.137931034	50	0	0
0.582051282	3.724137931	50	0	0
0.625641026	5.034482759	50	0	0
0.633333333	7.431034483	50	0	0
0.664102564	9.948275862	50	0	0
0.315384615	0.637931034	100	0	0
0.397435897	0.913793103	100	0	0
0.520512821	1.310344828	100	0	0
0.692307692	1.931034483	100	0	0
0.794871795	2.482758621	100	0	0
0.876923077	3.120689655	100	0	0
0.928205128	3.775862069	100	0	0
1.033333333	5.034482759	100	0	0
1.094871795	7.568965517	100	0	0
1.179487179	10	100	0	0
0.312820513	0.551724138	200	0	0
0.738461538	1.931034483	200	0	0
0.874358974	2.482758621	200	0	0
0.946153846	3.103448276	200	0	0
1.020512821	3.810344828	200	0	0
1.11025641	5	200	0	0
1.217948718	7.603448276	200	0	0
1.266666667	10.10344828	200	0	0