0.21589404	10	9.558823529	0	0
0.38807947	10	24.63235294	0	0
0.700662252	10	49.26470588	0	0
0.981456954	10	100.7352941	0	0
1.222516556	10	149.2647059	0	0
1.270198675	10	201.1029412	0	0
0.2	10	9.926470588	0	100
0.364238411	10	24.63235294	0	100
0.666225166	10	50	0	100
0.909933775	10	100.7352941	0	100
1.111258278	10	150	0	100
1.193377483	10	201.1029412	0	100
0.358940397	10	25.36764706	0	200
0.629139073	10	49.26470588	0	200
0.888741722	10	100	0	200
1	10	150.3676471	0	200
1.079470199	10	201.4705882	0	200