0.302077151	0.629067245	100	0	0
0.392284866	0.976138829	100	0	0
0.520474777	1.219088937	100	0	0
0.693768546	1.843817787	100	0	0
0.795845697	2.520607375	100	0	0
0.874183976	3.162689805	100	0	0
0.935905045	3.752711497	100	0	0
1.018991098	5.036876356	100	0	0
1.078338279	7.570498915	100	0	0
1.170919881	10	100	0	0
0.209495549	0.663774403	100	200	0
0.292581602	0.993492408	100	200	0
0.375667656	1.305856833	100	200	0
0.563204748	1.895878525	100	200	0
0.653412463	2.520607375	100	200	0
0.710385757	3.162689805	100	200	0
0.807715134	3.787418655	100	200	0
0.909792285	4.984815618	100	200	0
1.009495549	7.553145336	100	200	0
1.080712166	10.01735358	100	200	0
0.195252226	0.611713666	100	400	0
0.256973294	0.94143167	100	400	0
0.342433234	1.236442516	100	400	0
0.472997033	1.878524946	100	400	0
0.565578635	2.503253796	100	400	0
0.677151335	3.145336226	100	400	0
0.727002967	3.770065076	100	400	0
0.857566766	5.036876356	100	400	0
0.966765579	7.535791757	100	400	0
1.066468843	10.01735358	100	400	0
0.162017804	0.559652928	100	600	0
0.237982196	1.010845987	100	600	0
0.321068249	1.271149675	100	600	0
0.456379822	1.861171367	100	600	0
0.513353116	2.607375271	100	600	0
0.632047478	3.127982646	100	600	0
0.65578635	3.787418655	100	600	0
0.757863501	5.071583514	100	600	0
1.047477745	9.947939262	100	600	0