0.01828926	0.583	0.031290263	0.000685081
0.03516923	1.4	0.03089153	0.000677537
0.05120221	0.784	0.030730488	0.000683729
0.06805435	0.857	0.030664837	0.000684091
0.08490739	0.646	0.031751105	0.000680505
0.10179577	0.906	0.031972626	0.000682569
0.11783023	0.355	0.03059692	0.013832291
0.13473075	0.97	0.031046155	0.000678383
0.15164825	1.27	0.031923562	0.000688872
0.1685374	0.593	0.032031482	0.013710069
0.18460474	1.46	0.031226501	0.013364549
0.20152904	0.451	0.030919986	0.000676773
0.21839161	1.1	0.031549862	0.000682217
0.23443419	0.403	0.031411123	0.000684256
0.25133896	0.841	0.031336563	0.013635301
0.26820612	0.8	0.031911802	0.013562346
0.28508272	0.695	0.031928663	0.000677361
0.30113926	0.538	0.031467971	0.000673968
0.31805725	0.834	0.032631289	0.000679297
0.33494015	3.11	0.032306715	0.013685944
0.35180403	0.334	0.031675214	0.000685644
0.36782494	0.478	0.031892146	0.000675432
0.38469664	0.495	0.031245878	0.000683762
0.40155087	0.528	0.031840508	0.00067269
0.41842222	0.322	0.031911989	0.000679991
0.4344685	0.549	0.030951209	0.013593831
0.4513574	0.517	0.031741816	0.000670987
0.46819258	0.354	0.032197286	0.013742475
0.48506063	0.317	0.031343753	0.013524821
0.50195227	0.307	0.031531185	0.000680471
0.51798671	0.307	0.031462263	0.00067592
0.53487333	0.292	0.030861217	0.013549725
0.55174109	0.377	0.031240617	0.00067665
0.56780767	0.266	0.030773732	0.000681628
0.5846784	1.33	0.030967173	0.000682161
0.60157883	0.349	0.031041055	0.000668626
0.61847317	0.363	0.031756137	0.000678225
0.63451805	0.326	0.03084435	0.000675039
0.6514125	0.352	0.030596194	0.000682106
0.66830583	0.384	0.031736197	0.000667841
0.68520559	0.293	0.032492644	0.000689513
0.7012745	0.408	0.03127531	0.000682018
0.71819897	0.256	0.030759016	0.000686709
0.73507938	0.312	0.031095231	0.000682425
0.75196933	0.315	0.031009141	0.000680502
0.76800717	0.382	0.032290789	0.000681556
0.78487574	0.365	0.03127338	0.000672674
0.80177047	0.223	0.030999925	0.000681862
0.81780517	0.354	0.031222155	0.013688379
0.83468793	0.222	0.031922975	0.000686703
0.85156994	0.333	0.030565871	0.013581731
0.86846263	0.275	0.031290263	0.000679472
0.88529367	0.26	0.032068204	0.000684532
0.90136045	0.286	0.031937299	0.000679208
0.91824544	0.28	0.030658588	0.000685594
0.93514837	0.306	0.47427061	0.000683645
0.95114517	96.3	54.517411	89.510217
0.96801491	102	76.566154	98.298054
0.98493144	108	87.441319	103.17653
1.02135875	112	94.697036	107.11946
1.03830357	116	100.40516	111.20381
1.05435861	119	105.19205	115.58446
1.07124283	123	110.48476	118.10241
1.08813057	124	112.57125	121.45802
1.10503033	127	115.84938	123.87549
1.1210485	130	118.85404	125.60866
1.13794517	131	121.44421	127.7559
1.15480833	133	123.14427	129.26298
1.17169267	135	125.7867	131.42557
1.187747	136	127.39615	132.97933
1.2046455	138	128.66941	134.56309
1.22153367	139	130.28024	135.93088
1.23844017	141	132.28693	137.26983
1.25450183	142	133.25741	138.64823
1.27139933	143	134.46631	140.19555
1.28826567	144	135.71437	140.90069
1.30436	145	136.64677	142.11793
1.32121367	145	137.58798	143.20314
1.3381	146	138.69044	144.37963
1.35500567	146	139.5499	145.2114
1.37107175	147	140.55499	145.80571
1.38795733	148	141.18917	146.92312
1.40484233	148	142.07687	147.99772
1.4217065	148	142.9401	148.67872
1.43777491	148	143.55076	149.44891
1.45465342	149	144.55382	150.51774
1.47151693	149	144.70019	150.85869
1.48753573	150	145.37292	151.38408
1.50444667	151	146.50385	152.37987
1.52135217	151	146.60676	153.01364
1.53828083	151	147.26152	153.58579
1.55433167	152	147.5931	153.53843
1.57119408	152	147.91805	153.53131
1.58805433	152	148.64375	153.99023
1.604975	152	148.62397	154.33062
1.62183133	153	149.45288	154.25802
1.63786217	153	149.89825	155.02626
1.6547805	153	150.02316	155.53353
1.67164667	154	150.16319	156.01584
1.687692	154	150.9871	156.12101
1.70455615	154	150.5659	156.40728
1.72143962	154	151.14915	157.07546
1.73833288	154	151.74053	157.2445
1.75437635	154	151.67138	157.4976
1.77126542	154	152.05757	157.65425
1.7881705	155	152.24827	157.51915
1.80507482	155	152.48738	157.08326
1.82113215	155	152.58954	157.83059
1.83798548	155	152.41692	157.76775
1.85488447	155	152.99005	158.0481
1.87177708	155	153.41561	158.04726
1.8878231	155	153.36407	158.32945
1.9047128	155	153.27202	158.33608
1.92159143	155	153.17721	158.81138
1.93850733	155	153.20672	158.59944
1.95455017	155	153.65787	158.8975
1.97146022	155	153.82787	159.50373
1.98834088	155	153.6081	159.04786
2.00436542	156	154.50726	159.56754
2.02122523	155	153.94101	159.62582
2.03808313	155	154.4059	159.62114
2.05497283	156	154.33243	159.53339
2.07101135	155	154.56916	159.61702
2.08791783	155	154.26205	159.79027
2.1047863	155	154.71258	160.06952
2.12166667	156	154.37363	159.84604
2.13771287	155	154.64367	159.84379
2.15457077	155	154.53246	159.71856
2.17142767	155	154.71598	159.95316
2.18830948	155	154.65884	159.89062
2.20433732	155	154.79759	159.73385
2.22121302	156	154.79613	160.46499
2.23810222	156	154.76284	159.97405
2.25496088	156	154.48168	160.16754
2.27183202	156	154.59385	160.06254
2.2878535	156	154.57535	160.06991
2.304735	156	154.90734	159.81125
2.32164128	156	155.07129	160.21804
2.33850022	156	154.64196	159.76051
2.35458197	156	154.76746	159.98722
2.37140858	156	154.4948	159.66889
2.38832167	156	154.9319	160.05437
2.40520553	156	155.11887	160.05497
2.42121607	156	154.75346	159.96435
2.43815053	156	154.68212	159.96804
2.45505167	156	155.00958	160.00785
2.471105	156	154.95771	159.80065
2.48796667	156	154.6846	159.73246
2.50485687	156	154.85703	159.90018
2.52174962	156	154.73198	160.35507
2.53780568	156	155.01542	159.87944
2.55469	156	154.78996	159.87888
2.57159525	156	154.69161	160.07046
2.58763097	156	154.9958	160.20023
2.60454152	156	154.50149	160.06625
2.6214714	156	154.63505	159.67427
2.63835017	156	154.85188	159.72886
2.65437927	155	154.91196	159.70654
2.67129415	155	154.83002	159.99417
2.68815968	155	154.73805	159.58194
2.70506333	155	154.61908	159.63813
2.7211146	156	154.4523	159.53824
2.73801727	156	154.52421	159.53824
2.75488205	155	154.77724	159.84916
2.77176565	155	154.19638	159.77814
2.78783263	155	154.50272	159.30971
2.8047615	155	154.3786	159.35168
2.82166265	155	154.16504	159.4267
2.8377355	156	154.43276	159.64043
2.854655	155	154.40297	159.2703
2.87154262	155	154.57433	159.16893
2.8883873	155	154.33283	159.63076
2.90440775	155	154.4349	159.44458
2.92128667	155	154.30472	159.58694
2.93821132	155	154.38911	159.37239
2.9551061	155	153.93016	159.68044
2.9711797	155	154.58656	159.23876
2.98809667	155	154.58204	158.50108
3.00501333	155	154.14309	155.82835
3.02105865	155	154.22628	156.57953
3.03795573	155	153.95757	157.77478
3.05487833	155	154.42025	157.5894
3.07173513	155	154.53154	157.45733
3.08775787	155	154.00268	157.64947
3.1046524	155	154.31298	157.71378
3.1215655	155	154.02603	157.8038
3.1384524	155	154.15809	157.66926
3.15448333	155	153.97284	157.56846
3.17139792	155	154.02603	158.07357
3.18829667	155	154.21171	157.54508
3.20516587	155	153.97532	157.6819
3.22118333	155	154.05889	157.3316
3.23804753	155	153.60636	157.12886
3.25497333	155	154.05618	157.80755
3.27100855	155	153.64681	157.54698
3.28786317	154	154.20042	157.48093
3.30474117	155	154.12143	157.25677
3.32160833	155	154.23251	157.42723
3.33853428	155	153.98652	157.56423
3.3545728	155	153.85229	157.40113
3.37144852	155	154.33919	157.66104
3.38832397	155	153.95014	157.31047
3.40434087	155	153.71545	157.59369
3.42122422	155	153.84831	157.54808
3.43808085	155	154.06424	157.40388
3.45502117	155	153.58071	157.42074
3.47105333	155	153.85894	157.25894
3.48795833	155	154.48995	157.43126
3.50488587	155	153.74209	157.57254
3.52178905	154	154.00886	157.4328
3.53778228	155	153.72934	157.18222
3.55467402	155	153.45584	157.24857
3.57160035	155	153.95672	157.4339
3.58761723	155	153.81142	157.30988
3.60448812	154	153.63512	157.26711
3.6213857	155	153.56762	157.1511
3.63828167	155	153.59568	157.88327
3.65520167	155	153.77157	157.16158
3.67126693	154	153.73118	157.50868
3.688185	155	153.52227	157.1272
3.70508627	155	153.47189	157.066
3.72112478	155	154.35444	157.19446
3.73803432	154	153.80269	157.01118
3.7549441	155	153.54819	157.08326
3.77102635	155	153.66008	157.30936
3.787945	155	153.59649	157.51471
3.80484333	155	153.59167	157.2445
3.82169952	154	153.42055	157.27934
3.8377472	155	153.58479	157.43093
3.86499787	155	153.72458	157.24782
3.88183333	155	153.82094	157.22676
3.89872692	155	153.46835	157.30231
3.91473312	155	153.66428	157.55396
3.93161265	154	153.45911	157.40298
3.94851913	154	153.84393	157.31973
3.96458833	150	153.29498	153.77889
3.98151805	149	152.83912	152.82963
3.99840088	148	151.62313	152.36362
4.01529133	147	151.18618	151.42546
4.03127263	147	150.60547	150.6301
4.04816208	147	150.04319	150.23291
4.07881833	146	149.33344	149.18489
4.09567667	145	149.54021	148.92841
4.11170222	145	149.07226	148.01257
4.1285998	144	148.51837	148.16491
4.14547833	143	147.76867	147.56227
4.1623497	143	147.90271	147.07982
4.17840652	143	147.01703	146.97789
4.19530487	142	147.26178	146.38226
4.21220855	143	147.37659	146.35282
4.22912667	142	146.75178	146.15889
4.24517237	142	146.81293	145.757
4.2621226	142	146.39789	145.73872
4.27897745	142	146.20281	145.46343
4.29501698	142	146.09476	145.38572
4.31190833	142	146.11317	145.37034
4.32885	142	146.41152	145.58782
4.34572907	141	146.07579	145.43705
4.36175638	142	146.76086	145.02603
4.37862803	142	146.37268	145.65824
4.3955012	142	146.15266	145.45163
4.41237132	142	146.86865	145.76495
4.42844697	142	147.17889	145.74036
4.44531555	142	147.50559	146.23243
4.4622345	142	147.71949	146.13162
4.479085	142	147.87369	146.63149
4.495106	142	148.32141	146.72158
4.51201528	142	149.28076	147.91831
4.52888235	143	149.27989	148.63301
4.54575755	143	150.0386	149.10018
4.56182963	143	150.01574	148.90503
4.57873667	144	150.34779	149.4364
4.59561972	144	151.00517	150.3421
4.61247863	144	151.38907	150.86872
4.628545	145	151.20835	151.38951
4.64543712	145	151.64516	151.32364
4.66234945	146	152.47848	151.96944
4.67925618	146	152.55701	152.64862
4.69529723	146	152.90376	152.73095
4.71218415	147	153.06533	153.26885
4.72906333	148	153.18415	153.54794
4.74594	148	152.89583	153.79888
4.76196238	148	153.50424	154.22314
4.7788559	149	153.43534	154.31077
4.79574228	149	153.64317	154.57428
4.81179758	149	153.50301	154.88078
4.82869333	150	153.75023	155.18534
4.84560242	151	154.28282	155.52804
4.862505	151	154.43526	155.51458
4.87851667	151	154.38955	155.59517
4.89539667	152	154.97394	155.92693
4.9123057	152	154.43174	156.14081
4.92919057	152	155.00422	156.47131
4.94523367	152	154.85881	156.43693
4.96212617	153	155.18013	156.61412
4.97901763	153	155.26719	156.72822
4.99508833	153	155.53979	157.12371
5.01195068	153	155.44472	156.83339
5.02885	153	155.41579	156.98654
5.04576213	154	155.3042	157.04381
5.06180267	154	155.93156	157.08549
5.07867737	154	155.86116	157.12626
5.095625	154	155.47694	157.26766
5.11248372	154	155.94992	157.12039
5.12851358	154	155.64496	157.39868
5.14536833	154	155.67367	157.33047
5.16220448	154	155.94483	157.32055
5.17911783	154	155.83328	157.50027
5.19516398	154	155.90844	157.8201
5.212058	154	156.06425	157.52283
5.22895407	155	155.93636	157.8124
5.24586833	154	155.8368	158.01226
5.26193333	155	155.96086	157.64121
5.27878833	155	156.19563	157.29104
5.29566905	155	155.99396	157.74694
5.31254222	155	156.02569	157.65231
5.32862243	155	156.29756	157.77408
5.34546763	155	156.03292	157.71014
5.36236063	155	155.70359	157.84261
5.37917785	155	156.42737	158.07717
5.39524078	155	155.99515	157.51622
5.41212167	155	156.30811	157.69749
5.42897797	155	155.93159	157.60961
5.44579875	154	156.14868	157.66226
5.46183727	155	155.98759	158.2617
5.47873128	155	156.0493	157.76139
5.49560833	155	156.15268	158.04512
5.512471	155	156.11923	157.68997
5.52848968	155	155.9277	157.52622
5.54538	155	155.56436	158.31862
5.56227833	155	156.43478	157.87172
5.579155	155	156.28738	157.67559
5.59517167	155	155.9638	158.38538
5.61202748	155	156.18545	158.31189
5.628921	155	156.26224	158.0283
5.64579213	155	156.57316	158.09169
5.66181945	155	156.20003	158.22562
5.67873667	155	156.36063	157.70916
5.69559	155	155.90296	158.36275
5.71250967	155	155.98229	157.67924
5.72852935	155	156.19257	157.75615
5.74541372	155	155.86772	157.75643
5.76231028	155	156.21893	157.99373
5.77917938	155	156.39752	157.55396
5.79520925	154	156.26953	157.75986
5.81212565	155	156.07041	157.95552
5.82902	155	156.16571	158.28559
5.84589	155	156.12538	158.08272
5.86192067	155	155.96659	157.47645
5.87875875	155	156.15086	158.04045
5.89568532	155	156.29037	157.73528
5.91251527	155	155.54449	157.77146
5.92858167	155	155.9203	158.02062
5.94544118	155	156.3895	157.63645
5.96231283	155	156.02599	158.03077
5.97912833	155	156.42786	158.24726
5.99516093	155	156.39463	158.18324
6.01204667	155	156.35966	157.9711
6.02895	155	156.55521	158.09183
6.04580833	155	156.18064	157.93167
6.06269378	155	155.91724	157.84074
6.07871602	155	156.44861	158.01564
6.09560167	155	155.81635	158.12982
6.11248333	155	156.35966	157.93921
6.12853953	155	156.0948	158.29488
6.14546167	155	156.32958	158.25422
6.1623937	155	156.20003	158.0235
6.17930167	155	156.15488	157.72418
6.1953771	155	156.18901	158.4079
6.21229	155	155.97119	157.93217
6.22921	155	156.31539	158.00026
6.245245	155	156.07733	157.72815
6.26214803	155	156.54865	157.6185
6.27904103	155	156.40424	158.0245
6.29508	155	155.95247	157.93008
6.31197205	155	155.91063	158.20549
6.32887573	155	156.09677	157.85869
6.34575805	155	156.07551	157.90769
6.3617864	155	155.85355	158.18324
6.37868	155	156.17011	157.94068
6.39557333	155	156.04273	158.16932
6.4124471	156	156.30738	158.37354
6.42851053	155	156.1323	157.79823
6.44539592	155	155.95399	157.8929
6.46229667	155	156.33726	157.99927
6.47915833	155	155.82584	158.12055
6.49521667	155	156.66331	157.76976
6.51210123	155	156.45679	157.55141
6.52899577	155	156.57726	158.23293
6.54588267	155	155.99979	157.98927
6.56190287	155	156.31903	158.1072
6.5787791	155	156.02143	158.08199
6.59565277	155	156.19223	158.06418
6.61255543	155	156.14468	158.1046
6.62863465	156	156.20003	158.23628
6.64554	155	156.34487	157.84243
6.66244667	155	155.84302	157.95192
6.67934418	155	156.1076	157.82654
6.69539693	156	156.22549	158.07386
6.71226908	155	156.38418	158.07922
6.72916667	155	156.38018	158.01968
6.74522095	155	156.58583	157.56726
6.76212718	155	156.07005	158.07922
6.77899527	155	156.16106	158.22997
6.795065	155	155.8663	158.19287
6.81192333	155	156.23822	157.69859
6.82880962	155	156.52614	158.04537
6.8457021	155	156.37615	157.66616
6.8625946	155	156.11004	157.881
6.87864532	155	155.97469	157.67594
6.89554902	155	156.18263	157.769
6.91240667	155	156.23858	157.76865
6.92845612	155	156.41586	157.8354
6.94532878	155	156.07005	158.35534
6.96217833	154	153.72069	153.93415
6.979068	154	153.68184	153.68338
6.99594667	154	153.06357	153.55466
7.01802368	153	153.15077	153.57806
7.03492833	153	153.04717	153.55733
7.05098063	154	153.71143	154.03668
7.06784617	154	153.48396	154.08868
7.08475667	153	153.25474	154.2134
7.10161333	154	153.48612	154.68199
7.11761272	153	153.47625	154.59472
7.13447062	154	153.60636	155.28036
7.15135	154	153.85306	155.57385
7.16824	154	153.65121	155.69345
7.18427887	154	153.78842	155.99619
7.2011561	154	153.35623	156.13488
7.21803167	154	153.75085	156.47437
7.23493805	154	153.72311	156.57071
7.25102082	154	153.8507	156.78425
7.26792705	154	153.73548	156.97617
7.28482055	155	153.87603	156.90614
7.30087585	154	153.49961	156.9567
7.3177414	155	153.58071	157.11477
7.33467667	154	153.78233	157.15924
7.35159167	154	153.8939	157.25165
7.36762033	154	153.84427	157.42463
7.384505	154	153.87344	157.40762
7.40141245	154	153.94722	157.68708
7.4183141	155	154.04243	157.70748
7.43435923	154	154.11712	157.69705
7.45119333	155	154.07745	157.92882
7.4680893	154	154.06898	157.54643
7.48497333	154	154.31347	157.89324
7.5009903	155	153.84947	157.7234
7.51783752	154	154.51947	157.59972
7.53473103	154	154.19712	157.93338
7.55162862	155	154.64129	157.65409
7.56766867	155	154.01727	158.04247
7.58458557	155	154.19605	157.78378
7.6014389	155	154.22448	157.61241
7.6183141	154	153.89102	158.11095
7.6343577	154	154.26785	157.92399
7.65123667	154	154.33552	158.24639
7.66811473	155	153.97713	157.88747
7.68497333	155	154.04939	158.42152
7.70102285	155	154.28319	158.49817
7.71789907	155	154.51383	158.63462
7.73478902	155	154.19839	158.55198
7.75167745	155	154.52941	158.65439
7.76767425	155	154.38728	158.83773
7.784522	155	154.14847	158.3554
7.80141753	155	154.38603	158.75574
7.81829885	155	154.52199	158.85147
7.83437	155	154.35366	158.92606
7.85131333	155	154.47553	158.5542
7.86821442	155	154.6051	158.69907
7.88423258	155	154.47864	158.6269
7.901125	155	154.755	158.89233
7.918005	155	154.72949	159.15778
7.9349111	155	154.7171	158.99297
7.95097605	155	154.51968	159.19048
7.96785833	155	154.4971	158.99393
7.98477333	155	154.76952	159.09132
8.00166423	155	154.48722	159.02834
8.01764527	155	154.5745	159.39962
8.03453115	155	155.10319	159.27954
8.05141093	155	154.81546	159.09837
8.0683314	155	154.62665	159.35168
8.08436333	154	154.14584	159.03503
8.10123545	155	154.64415	158.85889
8.11817882	155	154.22922	159.37913
8.13424275	155	154.98474	158.97302
8.15113577	155	155.23864	158.93241
8.16797587	154	154.95681	159.7338
8.1848704	155	154.27007	159.46462
8.20175425	155	154.66566	159.20303
8.21780243	155	155.06311	159.41708
8.23469667	155	154.81661	159.55153
8.2516	155	154.80923	159.35429
8.26846833	155	155.26099	159.53339
8.28447167	155	155.04161	159.58581
8.30134888	155	154.90984	159.46462
8.3182	155	154.71014	159.33349
8.33507	155	155.16179	159.24062
8.35109303	155	154.93902	159.73116
8.36801453	155	155.2627	159.52708
8.38488922	156	154.80256	159.07386
8.40180333	155	154.91314	159.24917
8.4178594	155	155.06102	159.70772
8.43475667	155	155.26919	159.11509
8.45163625	153	154.91849	159.51636
8.46765392	152	154.78396	154.21868
8.48453115	151	154.90105	153.75651
8.50141448	150	149.90766	152.60668
8.52570698	150	149.43188	151.86446
8.54256167	149	149.11802	151.10855
8.55859782	148	148.33238	150.28569
8.57550252	148	147.37659	149.77539
8.59243167	147	147.11828	149.36952
8.60929167	147	146.98966	148.73216
8.62532247	146	146.14239	148.39778
8.64225167	146	145.93967	147.9257
8.65915833	146	145.32047	147.10933
8.67599333	145	145.26361	146.76435
8.69203593	145	144.72409	146.63067
8.70888265	145	144.71548	146.37593
8.72581	144	144.426	145.85785
8.74268333	144	144.1861	145.63427
8.75873413	144	144.34333	144.99928
8.77563167	143	144.67993	144.85864
8.7925059	143	143.67897	144.93891
8.80855408	143	143.95901	144.68143
8.82545333	144	143.36582	144.25808
8.84231567	144	143.72299	144.73148
8.859165	143	143.30493	144.77058
8.87603	143	143.58393	144.91302
8.89208167	143	143.20988	145.40903
8.90896912	143	143.53625	145.0966
8.925885	143	144.01051	144.97145
8.94190333	142	143.8215	144.72328
8.95876833	143	143.61741	145.05819
8.975635	142	143.67202	145.30659
8.99248833	143	144.61786	145.63259
9.0093811	143	144.57477	145.91855
9.02540588	143	144.69082	146.28001
9.04231	143	145.14282	147.12974
9.05917257	143	145.35136	147.30835
9.07524667	143	146.03529	147.83877
9.09210103	144	146.61569	148.15659
9.10893833	144	146.83472	148.87476
9.12581	144	147.19981	149.20525
9.14264333	144	147.22298	149.64018
9.15869242	145	147.8777	150.07054
9.1755778	146	148.52107	150.4829
9.19247233	146	148.62903	150.85475
9.20933333	147	148.71209	151.28548
9.22537943	147	149.26956	151.79618
9.24224167	147	150.04487	151.6732
9.25912833	147	149.77327	152.16154
9.276045	148	149.91802	152.45036
9.29210167	148	150.11017	152.70755
9.30901333	149	151.23026	153.05552
9.32592265	149	150.801	153.4851
9.342795	149	151.36453	153.47664
9.35880228	150	151.21614	154.10099
9.37567443	150	151.85225	154.12807
9.39251833	150	151.27324	154.4539
9.40939738	151	152.0528	154.28552
9.425475	151	151.78672	154.40077
9.44237263	151	152.18733	154.61571
9.45925667	151	152.30265	154.97064
9.47531667	152	152.2251	155.02612
9.4921875	152	152.65157	155.32546
9.5090922	152	152.5888	155.29064
9.52595927	153	152.84305	155.30938
9.54200167	152	153.03077	154.97919
9.55888333	153	152.4775	155.40273
9.575765	153	153.30095	155.38597
9.59268087	153	153.38212	155.47651
9.608725	153	153.4444	155.52888
9.62562	153	153.80263	156.15528
9.64247437	154	153.72167	155.68058
9.65934448	153	153.49048	156.08789
9.67537333	154	153.49817	156.02888
9.69226888	154	153.55172	156.06441
9.709135	154	153.89544	155.94919
9.72603333	154	153.8089	155.82093
9.74211935	154	153.88773	156.44954
9.75903218	154	154.0612	156.26384
9.77593833	154	153.78409	156.37467
9.79197083	154	153.73764	156.26488
9.80885667	155	153.87792	156.53959
9.82572667	154	154.1522	156.53807
9.842635	155	153.85286	156.49571
9.85950418	155	154.1024	156.4614
9.87555745	155	153.85344	156.45629
9.89244667	155	154.49384	156.97594
9.90935058	155	154.1373	156.73096
9.92536927	155	154.17634	156.54441
9.94223	155	154.32878	156.75084
9.95910747	155	153.86627	156.9629
9.97600333	155	154.21946	156.47131
9.99206	155	154.40025	156.66302
10.008905	155	154.44257	156.26947
10.0257617	155	154.18764	156.23271
10.0426283	155	154.4674	155.81808
10.0586823	155	154.57853	156.31809
10.0755633	155	154.10557	156.61362
10.0924433	155	154.68314	156.69707
10.1093374	155	154.29217	156.64039
10.125365	155	154.13948	156.21506
10.1422133	155	154.31165	156.0452
10.1590783	155	153.8655	156.49164
10.1759683	155	154.71238	156.18324
10.192005	155	154.13037	156.38049
10.208915	155	154.3299	156.09195
10.2258291	155	154.33151	156.0085
10.2427358	155	154.42445	155.43375
10.2588117	155	154.44444	155.35513
10.2757426	155	154.31455	155.5097
10.2926025	155	154.69299	155.91174
10.3094617	155	154.65617	155.89869
10.3254767	155	154.16683	155.82435
10.342336	155	154.1176	155.96104
10.3592067	155	154.64597	156.03371
10.376125	155	154.46807	155.96882
10.39216	155	154.5676	156.07985
10.4090483	155	154.96261	156.19344
10.42592	155	154.42323	156.4142
10.4427867	155	154.28903	156.37015
10.4588155	156	154.70064	156.42432
10.475645	155	154.47166	156.30882
10.492515	155	154.56578	156.30908
10.5094055	155	154.8774	156.70659
10.5254433	155	155.02164	156.22423
10.5423777	156	154.08951	156.33423
10.5592617	156	154.81809	156.11048
10.5761567	155	154.66648	156.528
10.5921517	155	154.55601	156.59764
10.609045	155	154.46333	156.14526
10.6259233	155	154.60187	156.13303
10.6419333	156	154.34483	156.27794
10.6588217	155	154.61546	156.52214
10.6756989	155	154.45873	156.73096
10.69255	156	154.55877	156.0452
10.7093943	155	154.81281	156.27592
10.7254344	155	154.36072	156.30579
10.7423157	155	154.72767	156.51058
10.75915	155	155.07001	156.05519
10.7760083	155	154.68914	156.30312
10.7920217	155	154.78742	156.4154
10.8089091	155	154.49553	155.97451
10.825815	155	154.31325	156.30744
10.84266	155	154.36499	156.2457
10.8586975	155	154.42514	156.26793
10.8755517	155	154.63396	155.85132
10.8924367	155	154.66937	155.68117
10.9093506	155	154.50625	155.56703
10.9253876	155	154.75933	156.15491
10.9422817	155	154.80778	156.41321
10.9591633	155	154.58154	155.62645
10.9760783	155	154.52199	155.71987
10.9920683	155	154.9859	156.29529
11.0089367	155	154.50125	156.48881
11.0258233	155	154.27115	156.0718
11.0427175	155	154.66526	155.70359
11.0587657	155	154.50162	156.11709
11.0756592	155	154.66355	156.22423
11.092575	155	154.8862	156.10156
11.1094633	155	154.47354	156.00389
11.12549	155	154.50963	156.36879
11.1423783	155	154.75278	155.98437
11.1592633	155	154.62665	156.10486
11.1761167	155	154.68138	155.88765
11.1921407	156	154.51348	156.08008
11.2090383	155	154.30418	155.96809
11.2259328	155	155.09453	156.06707
11.2419783	155	154.79687	155.76913
11.2588667	155	154.57176	155.96661
11.275764	155	154.89887	156.23124
11.2926392	155	154.66003	156.18894
11.3086683	155	154.44086	155.97587
11.3255517	155	154.68558	156.20383
11.3424167	155	154.77976	156.15008
11.3592794	155	154.43831	155.92693
11.3753408	155	154.61614	156.09195
11.3922283	155	154.70866	155.88962
11.4091467	155	154.61003	156.16707
11.4260267	155	153.60481	156.22647
11.4420817	154	153.06156	156.17747
11.458961	153	152.90316	155.56863
11.4758517	153	153.20242	155.82982
11.4919139	153	153.07903	155.54189
11.5183807	153	152.96786	155.29408
11.5352683	152	152.63053	155.30138
11.5513	152	152.60198	154.7839
11.568195	152	152.51415	155.14758
11.5850789	152	152.67007	155.04213
11.6019775	152	152.9364	154.89722
11.618045	152	152.1963	155.11191
11.634904	152	152.39502	155.18721
11.6517717	152	152.51652	155.0882
11.6686333	151	152.3241	154.94208
11.6847056	152	151.88213	154.9176
11.7015625	151	152.6193	154.97695
11.7184367	151	152.23974	154.81674
11.73449	152	152.02551	154.91378
11.7513377	151	151.69163	155.15531
11.76825	151	151.98778	154.64065
11.7851833	151	152.46652	154.79403
11.8020559	151	151.97432	154.63236
11.8180878	151	152.16092	155.02296
11.834975	152	151.83831	155.15786
11.8518867	151	152.12006	155.22125
11.86794	151	152.31682	154.35883
11.8848617	151	151.95767	154.88274
11.9017683	151	152.0855	154.88942
11.91864	151	151.90417	154.77845
11.9346792	151	151.65017	154.57584
11.9515493	152	151.92149	155.07449
11.9684794	151	151.95672	155.00476
11.9845195	151	151.85225	154.93023
12.0014059	151	152.52986	154.75403
12.0182633	151	152.48921	154.8802
12.0351278	151	152.21145	154.83558
12.0520111	151	152.05259	155.02079
12.0680417	151	152.29808	154.88577
12.0849033	151	152.1001	154.84821
12.1017924	151	151.87704	154.78184
12.118691	151	152.41665	155.15899
12.1347267	152	152.17697	155.01686
12.1515983	151	152.19908	155.03032
12.1684977	151	152.23873	155.04973
12.1845717	151	151.98313	155.19543
12.2014483	151	152.11937	154.8286
12.218335	151	152.08298	155.20348
12.2352275	151	152.0592	155.17204
12.2512533	151	152.20851	155.27072
12.268159	152	152.51127	155.24615
12.2850311	151	152.97103	155.49078
12.30194	151	152.51619	155.1846
12.3179733	152	152.24255	155.04225
12.3348667	152	152.12314	155.2587
12.351725	152	152.60671	155.38716
12.368615	152	152.34199	155.57129
12.3854683	152	152.34394	155.62037
12.4015239	151	152.38484	155.57385
12.4183883	152	152.04076	155.36254
12.435275	151	152.36776	155.51115
12.4513217	151	152.5888	154.96138
12.46819	152	152.77351	155.46112
12.4850833	151	152.76596	155.67377
12.5019542	152	152.63457	155.57125
12.5179789	152	152.31169	155.42033
12.5348583	151	152.49859	155.5896
12.551709	151	152.7575	155.35068
12.5686412	152	152.72858	155.22869
12.5846873	152	153.32517	155.73586
12.6015633	151	152.65866	155.26061
12.6184367	151	152.78124	155.19321
12.6352824	152	152.60049	155.25461
12.6513489	151	152.32975	155.58144
12.6682233	152	152.53331	155.75425
12.6851227	152	152.43979	155.63854
12.7020243	152	152.52219	155.26463
12.7181317	151	152.69016	155.40903
12.735015	152	152.71227	155.54189
12.751884	152	152.74409	155.33574
12.7679342	152	152.71471	155.68315
12.7848033	152	152.85625	155.58102
12.8016817	152	152.85914	155.86401
12.8185455	152	152.80509	155.62593
12.8346039	152	152.85632	155.59681
12.851534	152	152.82364	155.93135
12.8684326	152	152.65961	155.91582
12.8852793	152	152.5347	155.68017
12.9013383	152	152.63346	155.67231
12.918219	152	150.66863	155.83555
12.9350783	152	150.19504	155.7832
12.951945	149	149.51726	155.55119
12.9679767	149	149.10561	152.45079
12.984846	148	149.14296	150.9704
13.0017167	148	148.31946	150.51668
13.0258183	147	148.126	149.93527
13.04268	146	146.56356	148.86726
13.0587267	146	145.69971	148.29741
13.0756093	145	145.33927	148.37178
13.0924933	145	144.94041	147.48203
13.1093833	145	144.781	146.7732
13.12543	144	144.54709	146.92251
13.1422943	144	143.96114	146.1818
13.159195	143	143.76663	144.95467
13.1761017	143	143.36653	144.81194
13.1921417	143	143.38686	144.94295
13.2089933	142	142.71935	144.41613
13.2258383	142	142.49587	143.7081
13.2427283	142	142.39637	143.74498
13.25878	142	142.52968	143.46849
13.2756533	141	142.48196	143.1608
13.2925033	142	142.23119	142.24495
13.3093633	141	142.09551	142.47303
13.3253967	141	141.3319	142.52278
13.3422617	141	141.83294	142.0704
13.35915	142	142.1527	141.73552
13.3760233	141	142.2288	141.87494
13.3920644	141	142.52146	142.18927
13.4089583	141	141.90055	141.6831
13.4258233	141	142.1296	141.61127
13.442725	141	142.06743	141.94004
13.4587683	140	142.14151	141.37362
13.4756217	141	142.17994	141.6183
13.4924667	141	142.98102	141.33678
13.5093577	140	143.09594	141.93778
13.5262433	141	143.01397	142.11134
13.5422872	141	142.91275	141.52687
13.5591917	141	143.04018	142.08735
13.5760508	141	143.37424	141.96241
13.5920983	141	143.60459	142.25627
13.60896	141	144.49658	142.29584
13.6258983	141	144.50635	142.73794
13.6427517	141	144.6974	143.39868
13.658785	141	144.97247	143.18411
13.6756694	142	145.55777	143.33483
13.6925924	142	145.33654	143.57125
13.7095073	142	145.94274	144.0451
13.7255544	142	146.05285	144.32481
13.7424276	143	146.10104	144.44491
13.7593394	143	147.0062	145.38154
13.7754	143	146.96159	145.34583
13.792334	143	147.42244	145.87198
13.8092383	143	147.65339	146.18887
13.8261108	144	147.57265	146.30097
13.842145	144	148.00472	146.39087
13.8590267	144	148.42023	147.19964
13.8758972	145	148.45321	147.19964
13.8927867	145	148.6847	147.80591
13.9088155	145	148.63106	147.52577
13.9256683	145	148.83524	148.52081
13.9426133	146	148.92538	148.42599
13.9595033	146	149.60505	148.12735
13.9755625	146	149.25464	148.25811
13.9924123	146	149.14643	148.80709
14.0093033	146	149.00151	148.75666
14.0253983	146	149.79321	148.65672
14.0422526	147	149.89577	149.32294
14.0591017	147	149.76642	149.47693
14.075999	147	149.38576	149.72198
14.092895	147	150.06231	149.44919
14.1088933	148	150.27754	149.14825
14.1257558	147	150.70427	149.72354
14.1426127	148	150.36446	150.04463
14.1586817	148	150.66364	150.40171
14.1755809	148	150.66386	150.30067
14.1924459	149	150.35144	150.71963
14.2093089	148	149.96822	150.08104
14.22536	149	150.65739	150.21401
14.2422445	148	150.54296	150.62938
14.2591483	149	150.31928	150.60112
14.276045	148	150.49033	151.00692
14.29212	149	150.74622	150.70353
14.3090027	149	150.8876	151.42357
14.3259033	149	150.66773	150.96968
14.342765	149	150.96778	151.14047
14.3587817	149	150.49419	150.92538
14.3756633	150	150.77158	151.25538
14.3925507	149	150.82513	151.14484
14.4094483	150	151.34167	151.32058
14.4254873	149	151.04623	150.90271
14.4423767	150	150.97778	151.30326
14.4592417	149	151.05497	151.52263
14.4761393	150	150.9008	151.51785
14.4921567	150	150.94829	151.547
14.5090342	150	151.3579	151.36604
14.5259517	150	151.2862	151.41571
14.5419942	150	150.71235	151.63525
14.5588683	150	150.98876	151.37644
14.5757583	150	151.322	151.93219
14.5926605	150	151.50465	152.12268
14.60957	150	151.56607	151.90166
14.62563	150	151.42998	152.13752
14.6425	150	151.09552	152.10258
14.6593817	150	151.54167	151.59592
14.6762817	150	151.62997	151.99577
14.6922767	150	151.59513	152.06592
14.70914	150	151.25722	152.26293
14.7260691	150	151.53719	152.01132
14.7421083	150	151.32667	151.74097
14.7589983	150	151.4709	151.82706
14.775875	150	151.56437	151.8733
14.7927806	150	151.53567	152.62139
14.8088094	150	151.68886	151.51107
14.825665	150	151.82796	152.18217
14.8425683	150	151.96479	151.99774
14.8594157	150	150.90632	152.12886
14.8762983	150	151.56437	152.40653
14.8923517	150	151.77646	152.34996
14.9092641	150	151.50597	152.197
14.9261417	150	152.01065	152.33915
14.942205	150	151.25502	152.6494
14.95912	150	151.65017	152.26758
14.9760457	150	151.65515	152.43276
14.9920967	150	151.82796	152.58895
15.0089767	150	151.75289	152.17912
15.02585	150	151.9248	152.27587
15.0427511	151	151.42611	152.30548
15.0587992	151	151.92261	152.45433
15.0756867	151	151.45895	152.24039
15.0925395	150	151.48723	152.72712
15.109434	150	151.88545	152.44682
15.1254833	151	151.88152	152.30513
15.14235	151	151.55252	152.14416
15.1592567	150	152.18562	152.15408
15.1760895	151	151.66823	152.50686
15.1921383	151	151.94926	152.63853
15.2089925	151	151.35565	152.91412
15.2258767	150	151.79303	152.78274
15.2427367	151	151.45238	152.76673
15.2587583	151	151.77962	152.68474
15.2756327	151	151.97016	152.77067
15.292535	150	151.92386	152.77119
15.3094259	150	151.63492	152.67829
15.3254639	150	151.46178	152.04726
15.342334	150	151.61281	152.64862
15.3591858	150	152.02444	152.73458
15.3760683	150	151.80947	152.71272
15.3920939	151	151.40343	152.81003
15.4089793	150	151.81914	152.62252
15.425886	151	151.75873	152.57767
15.4427383	150	151.90715	152.86051
15.45877	150	151.79303	152.222
15.47563	150	151.53858	152.80003
15.4925333	151	151.68554	152.81747
15.509434	150	151.98932	152.65084
15.52545	151	151.93296	152.79221
15.542335	150	151.51541	153.11862
15.5591867	150	151.50338	152.94604
15.5761517	150	151.38017	152.84518
15.592175	150	151.56694	152.88281
15.6090633	150	151.67681	152.96215
15.6259833	151	151.7817	152.88805
15.6428917	150	151.5812	152.82828
15.6590133	150	151.38143	152.96181
15.67587	150	151.40343	153.00732
15.6927017	150	151.63412	152.8289
15.7095783	151	151.55188	152.96876
15.7256517	151	151.6231	152.67857
15.7425293	151	151.71489	152.88406
15.7593994	151	151.58347	153.14155
15.7754683	151	151.65594	152.70864
15.792335	150	151.42825	152.82457
15.8092224	151	151.57898	152.74695
15.8261078	150	151.51252	153.06385
15.8421743	150	151.51777	153.07469
15.85906	151	151.41164	152.86323
15.8759389	150	151.78952	152.69069
15.8928433	151	151.82685	152.72171
15.9088877	150	151.13027	152.92007
15.9257717	150	149.93896	152.73692
15.942685	149	149.51198	153.29353
15.9587283	149	150.04297	152.38258
15.9756083	148	149.66806	152.64302
15.9924933	148	149.27989	152.08617
16.0136233	147	148.96165	151.76569
16.0305	147	148.77238	151.77095
16.0465475	147	148.95786	151.21103
16.0634467	147	148.02135	151.09467
16.0803324	146	148.12162	150.81832
16.096401	146	148.56847	150.76448
16.1132924	146	148.25238	150.26306
16.1301833	145	147.69833	149.73415
16.1470517	145	147.69264	150.24558
16.1630867	145	147.3985	149.60619
16.1799591	145	147.41203	149.40986
16.1968283	145	146.89948	149.40922
16.213736	145	146.86979	149.26171
16.229755	144	147.07139	149.01704
16.246615	144	146.89732	149.3947
16.263465	144	146.73256	148.8544
16.2803009	144	146.76501	148.50565
16.2972107	143	146.44992	148.56711
16.3132843	143	146.27381	148.45187
16.3301617	143	146.77751	148.72948
16.3470673	142	146.31859	148.33556
16.363146	142	145.94836	148.60089
16.3800324	142	145.71373	148.13882
16.3969417	142	145.83689	148.05596
16.4137867	142	146.01185	147.94854
16.4306417	142	145.85337	147.79123
16.4467011	141	145.72514	148.48048
16.4636007	142	145.79882	147.63797
16.48046	141	145.49911	147.91564
16.497325	141	145.61067	147.85946
16.5133983	141	145.32376	148.01709
16.5302683	141	145.50346	147.93231
16.5471283	141	145.91821	147.91243
16.5631622	141	145.28197	147.61655
16.580045	141	145.67446	147.92794
16.5969157	141	145.27699	147.96701
16.6138167	141	145.38086	147.85141
16.6298933	141	145.33216	147.73336
16.6467733	141	145.36231	147.30668
16.6636576	141	145.12389	147.67414
16.679721	141	145.57062	148.11329
16.6966065	141	145.31631	147.77443
16.7134755	141	145.46389	147.77772
16.7303558	140	145.62504	148.1055
16.7472483	140	145.22764	147.66282
16.7633047	141	144.96439	147.71308
16.7801942	140	145.5053	147.71618
16.7970785	140	145.11062	147.29092
16.813976	140	145.60152	147.22022
16.830015	140	145.15027	147.94574
16.8469268	141	145.00596	147.39028
16.8637868	140	144.64692	147.44034
16.8806823	141	144.76957	147.46107
16.8967327	140	144.74536	147.51515
16.9136078	140	145.42505	147.32375
16.9305298	140	145.01887	147.59866
16.9465587	140	145.02824	147.42627
16.9634043	140	144.67984	147.93126
16.9802612	140	145.20424	147.29867
16.9971537	140	145.34291	147.48719
17.0131938	140	145.01538	147.52735
17.030069	140	145.23752	147.57848
17.0470277	140	144.83177	147.74116
17.0639577	140	145.56618	147.54513
17.0799642	140	145.27315	147.91066
17.096875	140	145.50928	147.35094
17.1137667	139	145.08247	147.68234
17.1306152	140	145.08969	148.20656
17.1466695	140	144.66781	147.86189
17.1635295	140	144.77862	147.76015
17.180424	140	144.57133	147.967
17.19646	140	144.76387	147.99603
17.2132975	140	144.50835	147.62414
17.2302123	140	144.52312	147.94939
17.2471313	140	144.21102	147.84649
17.2631857	140	144.23625	148.13787
17.2800923	140	144.58033	147.99202
17.2969808	140	144.4378	147.85047
17.3138753	140	144.58903	147.64494
17.3298848	140	144.5976	147.53784
17.3467753	140	144.93599	148.02167
17.3637023	140	144.45909	148.01747
17.3806092	140	144.49658	147.81457
17.3966613	140	144.35152	148.06671
17.4135417	140	144.59984	148.17921
17.43042	141	144.50965	147.94878
17.4473043	140	144.72673	147.60827
17.4633525	140	144.55283	147.94009
17.480247	141	145.27145	147.97037
17.4971273	141	143.89398	147.74694
17.5131775	143	143.06247	147.92973
17.5300293	142	143.10483	147.99845
17.5469055	141	142.96821	147.78963
17.563794	141	142.7025	148.17921
17.580656	141	142.0669	148.29596
17.596759	140	141.86051	148.22593
17.61365	140	141.36322	148.33977
17.630546	139	141.60023	148.71277
17.6466167	139	140.7185	147.9501
17.6635417	138	140.76547	148.28652
17.6804565	138	140.71413	148.04294
17.69646	138	140.46562	148.49593
17.7133627	138	139.99097	148.27386
17.7302267	138	140.39801	148.75317
17.7470907	137	139.65496	148.08999
17.7639608	137	139.94364	148.14236
17.7799743	137	139.87618	148.75791
17.796875	137	139.13936	148.84278
17.813794	136	139.21056	148.76537
17.8306763	136	139.44314	148.39418
17.8467488	136	138.45151	149.17988
17.8636597	135	138.86962	148.84483
17.880546	135	138.91733	149.15792
17.8966105	135	138.87116	148.79847
17.9135275	135	138.50808	148.60595
17.9304333	135	138.3782	149.14825
17.9473287	135	138.6765	147.62647
17.9634013	135	138.61655	146.79409
17.9802833	135	138.40864	146.84001
17.9971782	134	138.39051	145.79187
18.0132548	134	138.24526	145.39171
18.0301333	134	138.08676	144.99679
18.0470418	134	138.41888	144.84018
18.0639333	134	138.46548	144.01384
18.0799833	134	138.11936	144.02531
18.0968892	133	138.0991	143.58357
18.1137452	134	138.51576	143.20357
18.1305948	134	138.0483	143.09022
18.1466268	133	138.15606	142.56976
18.1634725	134	138.28116	142.62844
18.1803588	134	138.27042	142.1478
18.1972575	133	138.17312	142.26919
18.2132935	133	138.21006	141.74726
18.23015	133	138.45629	141.83517
18.247054	133	138.19723	141.77462
18.2639323	133	137.4992	141.20421
18.2800192	134	138.42842	141.2105
18.2969117	133	138.92236	141.13079
18.3138022	133	137.91093	140.81872
18.3298667	133	138.63462	140.41333
18.3467692	133	138.40229	140.46656
18.3636455	133	138.78925	140.54625
18.38055	133	138.62633	140.67234
18.3973958	133	138.75323	140.07998
18.4134378	133	138.38197	140.53361
18.430302	133	139.01014	140.506
18.4471638	133	138.59545	140.20156
18.4632222	133	138.8598	140.29356
18.4801595	133	138.42303	139.88078
18.4970833	133	138.8344	140.1407
18.513975	132	138.7567	139.67644
18.5337118	133	139.1119	139.72538
18.550586	133	139.44699	139.94464
18.5666768	133	139.65218	139.82763
18.5835307	133	139.53914	139.99662
18.6003805	132	139.46627	139.40809
18.6173015	133	139.44699	139.70688
18.633374	133	139.44433	139.67428
18.6502583	133	140.50293	139.95367
18.6671387	133	140.34301	139.92122
18.6840027	133	140.16606	139.63723
18.7000142	133	139.94486	139.7257
18.7168833	133	140.02796	139.51734
18.7337565	133	140.32781	139.86982
18.749823	133	140.96065	139.93535
18.7667073	133	140.87281	139.7582
18.7836	133	140.37357	139.82103
18.8004822	133	141.19307	139.87671
18.816506	133	140.58824	140.19261
18.8333862	133	140.36282	140.48388
18.8502833	133	140.96883	140.66304
18.8671652	134	141.10272	139.93327
18.8832052	133	141.30094	140.20031
18.9001038	133	141.74459	140.03888
18.9169637	133	141.28056	140.0467
18.9338033	133	141.53896	140.55264
18.9498333	133	141.21405	140.63917
18.9666605	133	141.00008	141.11127
18.9835307	133	141.88631	140.71303
19.000411	133	141.55396	140.7542
19.0172852	133	141.66018	141.02278
19.033311	134	141.57788	140.89267
19.0501973	134	142.14844	141.10148
19.0859212	134	141.77697	140.95538
19.1028097	133	141.85692	141.1893
19.1188395	134	142.43561	141.55609
19.1357015	134	141.92136	141.49159
19.1526	133	141.81351	141.47157
19.1694783	134	142.15628	142.029
19.1855367	134	142.06426	141.73222
19.2023967	134	142.36776	142.04485
19.2192708	133	142.43948	142.32549
19.2361695	134	141.88631	142.02498
19.2522257	134	142.36943	142.15216
19.2691263	134	142.40211	142.51118
19.2860188	134	142.21227	142.60555
19.3028952	134	142.90319	142.78219
19.318931	134	142.31241	142.7781
19.3358297	134	142.99913	143.17882
19.3526833	134	142.37495	142.85968
19.3695822	134	142.70104	143.39507
19.3855795	134	142.51968	143.61152
19.4024678	135	142.79453	143.50951
19.4193217	134	143.06874	143.35325
19.4362167	134	142.65029	143.51188
19.452236	135	143.2001	143.63476
19.4691	135	143.04878	143.59658
19.4859618	135	142.56868	144.17331
19.5028238	135	143.1463	143.65587
19.5188578	135	143.30311	144.2182
19.5357585	135	143.30364	143.89013
19.5526307	135	142.87923	144.01543
19.5695252	135	143.08808	144.1732
19.5856058	135	142.96251	144.03096
19.602474	135	143.02994	144.62181
19.6193333	135	143.61841	144.44349
19.6362142	135	143.52755	143.99342
19.6522767	135	143.57505	144.24769
19.6691915	135	143.20908	144.47668
19.6860718	136	143.8519	144.72806
19.70295	136	143.60171	145.18232
19.7189922	136	143.60537	145.22223
19.7358948	136	143.80819	144.66931
19.7528167	136	143.46233	144.6851
19.7688457	136	143.66764	145.00309
19.785728	136	143.97574	145.05955
19.8025833	136	143.28733	145.29337
19.8194833	136	143.7847	145.60791
19.8355333	136	143.8215	145.59456
19.8524292	136	143.74995	144.93368
19.8693333	136	143.89333	145.54699
19.8862488	136	143.78295	145.6739
19.9022705	136	143.94017	145.32452
19.9191407	136	144.56982	145.48619
19.9360128	137	143.96585	145.29784
19.9529215	137	143.84563	145.45142
19.9689833	137	143.65869	145.84819
19.9858438	137	144.05863	145.53675
20.00275	137	144.25902	145.73266
20.0188375	137	144.18231	145.56093
20.0357167	137	144.06973	145.47161
20.0526103	137	144.28165	146.16584
20.0695028	137	144.35081	145.89793
20.085557	137	144.13558	146.00819
20.1024292	137	144.26174	146.26014
20.1193115	138	144.10043	146.09012
20.1362102	138	144.1955	145.6896
20.1522563	138	144.33616	145.89793
20.1690833	138	144.55963	145.88851
20.1859782	138	143.89398	146.19245
20.2028625	138	144.97651	146.39762
20.218931	138	144.61321	146.42799
20.2358333	137	144.19559	146.07991
20.2526957	139	145.16386	146.96677
20.26958	138	144.95726	146.3124
20.28561	138	144.98452	146.56862
20.3024902	139	144.56761	146.88366
20.3193705	139	145.0721	146.65812
20.3362427	139	145.0149	146.54386
20.352297	139	144.87992	146.93864
20.3692167	139	144.90353	147.23246
20.3860833	139	145.18382	146.85365
20.4029928	139	145.0743	147.24021
20.419045	139	145.37319	146.93392
20.4359192	139	145.02512	147.27511
20.4528463	139	145.38468	147.529
20.4688762	139	145.545	147.37148
20.4857667	139	145.23822	147.29148
20.5026897	139	145.37494	147.83389
20.5195943	139	145.46568	147.63099
20.5356222	139	145.5959	147.62614
20.5525472	139	145.83909	147.3367
20.5694295	140	146.03651	147.67823
20.5862833	140	145.54815	147.89932
20.602356	139	145.61596	147.58567
20.6192443	140	145.57883	147.57153
20.6361552	140	145.69025	147.80276
20.6522033	140	145.54963	148.09226
20.6690817	140	145.87774	147.14218
20.6859415	140	146.09888	147.28628
20.7028422	140	145.70587	147.1748
20.719755	140	146.23853	147.18507
20.7358012	140	146.59464	147.7116
20.7526733	141	146.42273	147.20406
20.769572	140	146.35038	147.77314
20.785618	140	146.30091	147.83897
20.802474	141	146.24978	147.80087
20.8193603	140	146.41783	147.72188
20.8362467	141	146.68306	148.33678
20.8522725	141	147.0074	147.99956
20.8691407	141	146.78116	147.92647
20.8860697	141	146.78871	148.36746
20.902952	141	146.82618	148.29957
20.9189833	141	147.00182	148.60023
20.9358847	141	146.90106	148.18827
20.9527568	141	147.15655	148.53735
20.9696757	141	147.1866	148.51094
20.9857035	141	147.07855	148.41417
21.0026022	140	146.63342	148.3941
21.019521	140	146.60241	148.7726
21.0363973	140	146.83379	148.30599
21.0524167	140	147.0157	148.81218
21.0693197	140	147.38235	148.68031
21.086265	140	147.00341	148.65083
21.1022583	140	147.07883	148.79324
21.1192057	141	147.57848	148.97878
21.1360982	140	147.58276	149.21041
21.1529833	140	147.32921	149.21048
21.1689982	141	147.94927	149.21346
21.1859028	140	147.75067	149.26779
21.2028117	140	147.63034	149.23922
21.2189087	140	147.79399	149.14116
21.2358235	141	147.90797	149.0163
21.2526978	140	147.55558	149.23089
21.2695862	141	147.82962	149.62631
21.2855917	140	147.78575	149.29334
21.3024435	141	147.90393	149.36868
21.3193157	141	147.71619	149.88076
21.3361775	141	148.02186	149.91358
21.3522278	140	148.14008	149.64499
21.3691387	141	147.88858	149.65642
21.3859945	141	148.05685	150.59188
21.4028808	141	148.60331	150.34927
21.4189027	141	148.32848	149.70059
21.4357808	140	147.90071	150.55041
21.4527	141	148.12031	150.67211
21.4695678	140	148.69283	150.61177
21.4855977	141	148.37705	150.64552
21.50248	141	148.80206	150.68699
21.5193848	140	148.17523	149.82847
21.5362813	140	148.54177	150.78962
21.5523333	141	148.31149	150.72292
21.5692383	140	148.18438	150.84023
21.5861083	140	148.13355	150.39466
21.6021607	140	148.08167	150.7545
21.6190125	140	147.86958	150.62224
21.635907	140	148.11535	150.44738
21.65285	140	148.37437	150.47782
21.6697367	141	148.24611	150.50133
21.685789	140	148.21379	150.75727
21.7027	140	147.94927	150.85015
21.7195833	140	148.24456	150.91317
21.7356588	140	147.89916	151.03626
21.7525085	140	147.89344	150.93073
21.7693767	140	147.91195	151.0238
21.7862833	140	147.89819	150.55897
21.8023397	140	148.1653	150.87522
21.8192	140	148.50344	151.29043
21.8360962	140	148.25949	151.11764
21.8529867	140	148.21211	150.89122
21.8690368	140	148.44307	151.27927
21.8859355	139	148.22002	151.08683
21.9028667	139	147.84325	150.73292
21.9197333	140	148.3851	151.29048
21.9357788	140	148.03935	151.15734
21.9526347	140	148.38452	150.79063
21.9695252	140	147.77453	150.95212
21.9864278	140	148.18468	150.92866
22.0024618	139	147.78527	150.9952
22.0193583	140	147.6091	150.95212
22.036259	140	147.9957	150.58889
22.0523052	139	147.48342	150.85015
22.0691977	139	147.60757	151.2789
22.0860697	140	147.42833	151.15134
22.1029073	139	147.53267	151.02816
22.1189555	139	147.69308	150.9746
22.1358333	139	147.45865	151.08513
22.152712	139	147.4595	150.95745
22.1696167	139	147.88016	150.91681
22.1856812	139	147.72224	150.82413
22.2026	139	148.18317	150.91928
22.219513	139	147.67003	151.05501
22.235557	139	147.66032	150.96124
22.25248	139	147.58436	150.61592
22.269397	138	147.97167	150.43962
22.286257	139	147.54254	150.79247
22.3022685	139	147.79028	150.95992
22.3191528	139	147.55995	151.11135
22.3360433	138	147.54095	150.64873
22.352887	138	147.3224	150.57824
22.3689453	138	147.43434	150.58536
22.3858622	139	146.98321	150.63043
22.4027425	139	127.13403	150.90115
22.4195943	138	114.58522	151.12142
22.4356283	138	103.36357	151.02732
22.4524983	138	96.497339	150.98589
22.4693928	138	89.412785	150.95532
22.4863302	138	78.199953	150.87453
22.5023667	139	75.281501	150.9155
22.5192167	138	74.170814	150.56348
22.5361207	108	67.297618	151.32671
22.55307	96.5	59.468638	151.34778
22.5691167	88.8	60.030501	150.88958
22.5859985	82.4	44.370832	150.69719
22.602889	72.9	53.093444	151.09146
22.618927	64.8	43.795942	151.43665
22.6358012	61.4	42.574029	151.18696
22.6526978	58.6	30.194617	150.7932
22.6696333	54.3	24.847055	150.95543
22.6856873	41.8	43.70095	150.86643
22.7025833	47	2.9502383	150.83732
22.7194722	35	1.4557917	151.14164
22.7364055	29.2	1.6818851	150.41793
22.7524435	8.24	25.953985	150.58901
22.7693157	2.7	2.3390561	150.99056
22.7862243	31.5	2.0495487	150.71311
22.8022482	29.7	1.7385978	150.74161
22.8191548	1.54	1.1536384	150.71806
22.8360758	4.53	2.8929019	150.8412
22.8529562	10.9	1.1000349	150.75376
22.868986	17.2	1.0825358	150.56388
22.8858667	0.923	0.97584965	150.67433
22.9027385	21.1	1.9394869	150.45145
22.9195923	8.07	0.66708459	150.29213
22.9356527	0.471	0.51609464	150.64827
22.9525615	1.77	0.78447101	114.82745
22.9694865	2.94	0.72662088	105.20047
22.9863708	0.901	1.0087076	95.877412
23.0192403	1.27	0.62244189	90.89391
23.0360677	0.689	0.79648785	87.751501
23.052118	1.24	1.8579853	77.694218
23.06899	2.95	0.65596324	76.925644
23.0858643	0.927	0.57757829	76.393843
23.1027893	1.68	0.56698468	68.194519
23.1197123	1.27	2.6422816	67.992954
23.135728	1.68	1.0107841	63.799199
23.1525878	1.52	0.90618735	61.565034
23.16945	1.82	0.52631378	58.634209
23.1863167	0.946	0.59944523	57.190399
23.2023438	0.989	1.9222126	57.003168
23.21925	11	0.96250037	59.605237
23.23615	0.594	2.5196199	55.335477
23.2529968	1.43	0.5278667	53.17861
23.2690167	0.575	0.49688121	56.257281
23.2858683	1.08	1.0629739	42.45903
23.30271	1.31	0.51010639	35.413657
23.3187602	1.46	0.5505367	24.833837
23.335671	2.17	0.52956823	28.514231
23.3525757	1.58	0.42078251	3.6369099
23.369454	24.7	0.7521074	18.822271
23.3855	1.28	0.99661156	28.383962
23.4024252	7.64	1.426595	40.060061
			
			
			
			
			
			
			
			
			
			
			
			
			
			
			
			
			
			
			
			
			
			
			
			
			
			
			
			
			
			
			
			
			
			
			
			
			
			
			
			
			
			
			
			
			
			
			
			
			
			
			
			
			
			
			
			
			
			
			
			
			
			
			
			
			
			
			
			
			
			
			
			
			
			
			
			
			
			
			
			
			
			
			
			
			
			
			
			
			
			
			
			
			
			
			
			
			
			
			
			
			
			
			
			
			
			
			
			
			
			
			
			
			
			
			
			
			
			
			
			
			
			
			
			
			
			
			
			
			
			
			
			
			
			
			
			
			
			
			
			
			
			
			
			
			
			
			
			
			
			
			
			
			
			
			
			
			
			
			
			
			
			
			
			
			
			
			
			
			
			
			
			
			
			
			
			
			
			
			
			
			
			
			
			
			
			
			
			
			
			
			
			
			
			
			
			
			
			
			
			
			
			
			
			
			
			
			
			
			
			
			
			
			
			
			
			
			
			
			
			
			
			
			
			
			
			
			
			
			
			
			
			
			
			
			
			
			
			
			
			
			
			
			
			
			
			
			
			
			
			
			
			
			
			
			
			
			
			
			
			
			
			
			
			
			
			
			
			
			
			
			
			
			
			
			
			
			
			
			
			
			
			
			
			
			
			
			
			
			
			
			
			
			
			
			
			
			
			
			
			
			
			
			
			
			
			