   1.3909693e-01
   1.4187717e-01
   1.4470364e-01
   1.4757673e-01
   1.5049682e-01
   1.5346429e-01
   1.5647949e-01
   1.5954276e-01
   1.6265443e-01
   1.6581482e-01
   1.6902420e-01
   1.7228288e-01
   1.7559109e-01
   1.7894909e-01
   1.8235710e-01
   1.8581532e-01
   1.8932393e-01
   1.9288308e-01
   1.9649292e-01
   2.0015356e-01
   2.0386508e-01
   2.0762755e-01
   2.1144100e-01
   2.1530546e-01
   2.1922090e-01
   2.2318728e-01
   2.2720452e-01
   2.3127253e-01
   2.3539118e-01
   2.3956031e-01
   2.4377972e-01
   2.4804918e-01
   2.5236845e-01
   2.5673723e-01
   2.6115520e-01
   2.6562200e-01
   2.7013725e-01
   2.7470052e-01
   2.7931135e-01
   2.8396924e-01
   2.8867367e-01
   2.9342406e-01
   2.9821983e-01
   3.0306032e-01
   3.0794487e-01
   3.1287276e-01
   3.1784326e-01
   3.2285558e-01
   3.2790890e-01
   3.3300237e-01
   3.3813511e-01
   3.4330618e-01
   3.4851465e-01
   3.5375950e-01
   3.5903973e-01
   3.6435427e-01
   3.6970204e-01
   3.7508191e-01
   3.8049273e-01
   3.8593332e-01
   3.9140248e-01
   3.9689896e-01
   4.0242149e-01
   4.0796879e-01
   4.1353954e-01
   4.1913240e-01
   4.2474600e-01
   4.3037897e-01
   4.3602989e-01
   4.4169734e-01
   4.4737989e-01
   4.5307607e-01
   4.5878442e-01
   4.6450345e-01
   4.7023166e-01
   4.7596755e-01
   4.8170961e-01
   4.8745631e-01
   4.9320614e-01
   4.9895755e-01
   5.0470902e-01
   5.1045901e-01
   5.1620600e-01
   5.2194846e-01
   5.2768486e-01
   5.3341368e-01
   5.3913342e-01
   5.4484258e-01
   5.5053965e-01
   5.5622318e-01
   5.6189168e-01
   5.6754373e-01
   5.7317787e-01
   5.7879269e-01
   5.8438681e-01
   5.8995885e-01
   5.9550745e-01
   6.0103129e-01
   6.0652905e-01
   6.1199947e-01
   6.1744128e-01
   6.2285327e-01
   6.2823424e-01
   6.3358301e-01
   6.3889845e-01
   6.4417945e-01
   6.4942495e-01
   6.5463389e-01
   6.5980526e-01
   6.6493810e-01
   6.7003146e-01
   6.7508443e-01
   6.8009613e-01
   6.8506574e-01
   6.8999245e-01
   6.9487548e-01
   6.9971412e-01
   7.0450765e-01
   7.0925544e-01
   7.1395684e-01
   7.1861126e-01
   7.2321817e-01
   7.2777703e-01
   7.3228736e-01
   7.3674872e-01
   7.4116068e-01
   7.4552288e-01
   7.4983495e-01
   7.5409659e-01
   7.5830751e-01
   7.6246747e-01
   7.6657625e-01
   7.7063365e-01
   7.7463952e-01
   7.7859374e-01
   7.8249621e-01
   7.8634685e-01
   7.9014563e-01
   7.9389252e-01
   7.9758754e-01
   8.0123073e-01
   8.0482214e-01
   8.0836186e-01
   8.1185000e-01
   8.1528669e-01
   8.1867208e-01
   8.2200634e-01
   8.2528967e-01
   8.2852227e-01
   8.3170439e-01
   8.3483625e-01
   8.3791814e-01
   8.4095033e-01
   8.4393312e-01
   8.4686681e-01
   8.4975174e-01
   8.5258824e-01
   8.5537666e-01
   8.5811736e-01
   8.6081071e-01
   8.6345710e-01
   8.6605692e-01
   8.6861057e-01
   8.7111846e-01
   8.7358100e-01
   8.7599862e-01
   8.7837175e-01
   8.8070082e-01
   8.8298628e-01
   8.8522856e-01
   8.8742812e-01
   8.8958541e-01
   8.9170088e-01
   8.9377500e-01
   8.9580821e-01
   8.9780098e-01
   8.9975378e-01
   9.0166706e-01
   9.0354129e-01
   9.0537692e-01
   9.0717442e-01
   9.0893425e-01
   9.1065686e-01
   9.1234271e-01
   9.1399226e-01
   9.1560596e-01
   9.1718425e-01
   9.1872758e-01
   9.2023639e-01
   9.2171112e-01
   9.2315220e-01
   9.2456006e-01
   9.2593514e-01
   9.2727784e-01
   9.2858858e-01
   9.2986777e-01
   9.3111583e-01
   9.3233314e-01
   9.3352010e-01
   9.3467710e-01
   9.3580452e-01
   9.3690273e-01
   9.3797211e-01
   9.3901302e-01
   9.4002580e-01
   9.4101082e-01
   9.4196842e-01
   9.4289892e-01
   9.4380266e-01
   9.4467995e-01
   9.4553112e-01
   9.4635648e-01
   9.4715630e-01
   9.4793091e-01
   9.4868056e-01
   9.4940555e-01
   9.5010614e-01
   9.5078260e-01
   9.5143517e-01
   9.5206411e-01
   9.5266965e-01
   9.5325202e-01
   9.5381145e-01
   9.5434815e-01
   9.5486233e-01
   9.5535419e-01
   9.5582391e-01
   9.5627169e-01
   9.5669770e-01
   9.5710210e-01
   9.5748506e-01
   9.5784673e-01
   9.5818724e-01
   9.5850674e-01
   9.5880535e-01
   9.5908319e-01
   9.5934037e-01
   9.5957700e-01
   9.5979317e-01
   9.5998897e-01
   9.6016448e-01
   9.6031976e-01
   9.6045488e-01
   9.6056990e-01
   9.6066485e-01
   9.6073979e-01
   9.6079474e-01
   9.6082972e-01
   9.6084474e-01
   9.6083982e-01
   9.6081495e-01
   9.6077012e-01
   9.6070531e-01
   9.6062050e-01
   9.6051565e-01
   9.6039071e-01
   9.6024565e-01
   9.6008040e-01
   9.5989489e-01
   9.5968905e-01
   9.5946279e-01
   9.5921603e-01
   9.5894866e-01
   9.5866059e-01
   9.5835169e-01
   9.5802183e-01
   9.5767090e-01
   9.5729874e-01
   9.5690522e-01
   9.5649018e-01
   9.5605345e-01
   9.5559486e-01
   9.5511424e-01
   9.5461139e-01
   9.5408612e-01
   9.5353823e-01
   9.5296750e-01
   9.5237373e-01
   9.5175667e-01
   9.5111610e-01
   9.5045177e-01
   9.4976344e-01
   9.4905084e-01
   9.4831371e-01
   9.4755178e-01
   9.4676476e-01
   9.4595238e-01
   9.4511432e-01
   9.4425030e-01
   9.4335999e-01
   9.4244309e-01
   9.4149926e-01
   9.4052817e-01
   9.3952949e-01
   9.3850287e-01
   9.3744796e-01
   9.3636440e-01
   9.3525182e-01
   9.3410985e-01
   9.3293811e-01
   9.3173622e-01
   9.3050379e-01
   9.2924042e-01
   9.2794570e-01
   9.2661924e-01
   9.2526062e-01
   9.2386942e-01
   9.2244521e-01
   9.2098758e-01
   9.1949608e-01
   9.1797029e-01
   9.1640977e-01
   9.1481406e-01
   9.1318273e-01
   9.1151532e-01
   9.0981138e-01
   9.0807046e-01
   9.0629210e-01
   9.0447584e-01
   9.0262122e-01
   9.0072778e-01
   8.9879506e-01
   8.9682259e-01
   8.9480991e-01
   8.9275657e-01
   8.9066211e-01
   8.8852606e-01
   8.8634796e-01
   8.8412738e-01
   8.8186384e-01
   8.7955692e-01
   8.7720616e-01
   8.7481113e-01
   8.7237139e-01
   8.6988653e-01
   8.6735611e-01
   8.6477972e-01
   8.6215697e-01
   8.5948745e-01
   8.5677078e-01
   8.5400658e-01
   8.5119448e-01
   8.4833412e-01
   8.4542517e-01
   8.4246729e-01
   8.3946016e-01
   8.3640348e-01
   8.3329696e-01
   8.3014033e-01
   8.2693333e-01
   8.2367572e-01
   8.2036728e-01
   8.1700781e-01
   8.1359713e-01
   8.1013506e-01
   8.0662148e-01
   8.0305626e-01
   7.9943931e-01
   7.9577055e-01
   7.9204993e-01
   7.8827744e-01
   7.8445306e-01
   7.8057684e-01
   7.7664882e-01
   7.7266910e-01
   7.6863778e-01
   7.6455500e-01
   7.6042094e-01
   7.5623580e-01
   7.5199982e-01
   7.4771325e-01
   7.4337640e-01
   7.3898960e-01
   7.3455321e-01
   7.3006763e-01
   7.2553329e-01
   7.2095066e-01
   7.1632024e-01
   7.1164256e-01
   7.0691819e-01
   7.0214775e-01
   6.9733187e-01
   6.9247124e-01
   6.8756656e-01
   6.8261858e-01
   6.7762810e-01
   6.7259592e-01
   6.6752291e-01
   6.6240995e-01
   6.5725798e-01
   6.5206794e-01
   6.4684083e-01
   6.4157768e-01
   6.3627955e-01
   6.3094752e-01
   6.2558272e-01
   6.2018629e-01
   6.1475943e-01
   6.0930335e-01
   6.0381928e-01
   5.9830848e-01
