   1.7785998e-02
   1.8192750e-02
   1.8608628e-02
   1.9033828e-02
   1.9468552e-02
   1.9913002e-02
   2.0367389e-02
   2.0831923e-02
   2.1306822e-02
   2.1792306e-02
   2.2288600e-02
   2.2795934e-02
   2.3314539e-02
   2.3844656e-02
   2.4386524e-02
   2.4940392e-02
   2.5506511e-02
   2.6085136e-02
   2.6676529e-02
   2.7280953e-02
   2.7898680e-02
   2.8529983e-02
   2.9175144e-02
   2.9834445e-02
   3.0508178e-02
   3.1196635e-02
   3.1900118e-02
   3.2618929e-02
   3.3353380e-02
   3.4103785e-02
   3.4870464e-02
   3.5653742e-02
   3.6453950e-02
   3.7271423e-02
   3.8106504e-02
   3.8959537e-02
   3.9830876e-02
   4.0720876e-02
   4.1629900e-02
   4.2558317e-02
   4.3506499e-02
   4.4474825e-02
   4.5463679e-02
   4.6473449e-02
   4.7504531e-02
   4.8557324e-02
   4.9632233e-02
   5.0729668e-02
   5.1850046e-02
   5.2993786e-02
   5.4161314e-02
   5.5353061e-02
   5.6569462e-02
   5.7810958e-02
   5.9077994e-02
   6.0371021e-02
   6.1690492e-02
   6.3036867e-02
   6.4410609e-02
   6.5812186e-02
   6.7242069e-02
   6.8700734e-02
   7.0188661e-02
   7.1706332e-02
   7.3254233e-02
   7.4832856e-02
   7.6442691e-02
   7.8084235e-02
   7.9757985e-02
   8.1464442e-02
   8.3204109e-02
   8.4977489e-02
   8.6785089e-02
   8.8627414e-02
   9.0504973e-02
   9.2418275e-02
   9.4367828e-02
   9.6354140e-02
   9.8377720e-02
   1.0043907e-01
   1.0253871e-01
   1.0467713e-01
   1.0685483e-01
   1.0907232e-01
   1.1133010e-01
   1.1362865e-01
   1.1596846e-01
   1.1835002e-01
   1.2077380e-01
   1.2324029e-01
   1.2574994e-01
   1.2830322e-01
   1.3090058e-01
   1.3354247e-01
   1.3622932e-01
   1.3896155e-01
   1.4173960e-01
   1.4456385e-01
   1.4743472e-01
   1.5035257e-01
   1.5331779e-01
   1.5633073e-01
   1.5939173e-01
   1.6250112e-01
   1.6565921e-01
   1.6886631e-01
   1.7212268e-01
   1.7542860e-01
   1.7878429e-01
   1.8219000e-01
   1.8564591e-01
   1.8915222e-01
   1.9270908e-01
   1.9631663e-01
   1.9997499e-01
   2.0368424e-01
   2.0744445e-01
   2.1125567e-01
   2.1511790e-01
   2.1903113e-01
   2.2299532e-01
   2.2701041e-01
   2.3107628e-01
   2.3519283e-01
   2.3935987e-01
   2.4357724e-01
   2.4784470e-01
   2.5216200e-01
   2.5652886e-01
   2.6094495e-01
   2.6540993e-01
   2.6992340e-01
   2.7448495e-01
   2.7909412e-01
   2.8375041e-01
   2.8845331e-01
   2.9320224e-01
   2.9799661e-01
   3.0283579e-01
   3.0771911e-01
   3.1264585e-01
   3.1761529e-01
   3.2262664e-01
   3.2767909e-01
   3.3277180e-01
   3.3790387e-01
   3.4307440e-01
   3.4828242e-01
   3.5352696e-01
   3.5880699e-01
   3.6412147e-01
   3.6946930e-01
   3.7484937e-01
   3.8026054e-01
   3.8570163e-01
   3.9117144e-01
   3.9666872e-01
   4.0219223e-01
   4.0774067e-01
   4.1331273e-01
   4.1890708e-01
   4.2452236e-01
   4.3015719e-01
   4.3581018e-01
   4.4147989e-01
   4.4716491e-01
   4.5286378e-01
   4.5857503e-01
   4.6429718e-01
   4.7002875e-01
   4.7576824e-01
   4.8151413e-01
   4.8726492e-01
   4.9301908e-01
   4.9877509e-01
   5.0453143e-01
   5.1028657e-01
   5.1603898e-01
   5.2178714e-01
   5.2752954e-01
   5.3326466e-01
   5.3899100e-01
   5.4470708e-01
   5.5041139e-01
   5.5610248e-01
   5.6177889e-01
   5.6743917e-01
   5.7308190e-01
   5.7870567e-01
   5.8430909e-01
   5.8989080e-01
   5.9544946e-01
   6.0098373e-01
   6.0649233e-01
   6.1197398e-01
   6.1742744e-01
   6.2285149e-01
   6.2824494e-01
   6.3360664e-01
   6.3893544e-01
   6.4423026e-01
   6.4949003e-01
   6.5471372e-01
   6.5990032e-01
   6.6504887e-01
   6.7015844e-01
   6.7522813e-01
   6.8025707e-01
   6.8524444e-01
   6.9018945e-01
   6.9509134e-01
   6.9994939e-01
   7.0476291e-01
   7.0953125e-01
   7.1425381e-01
   7.1893000e-01
   7.2355929e-01
   7.2814116e-01
   7.3267514e-01
   7.3716081e-01
   7.4159775e-01
   7.4598560e-01
   7.5032403e-01
   7.5461274e-01
   7.5885145e-01
   7.6303994e-01
   7.6717800e-01
   7.7126545e-01
   7.7530217e-01
   7.7928803e-01
   7.8322296e-01
   7.8710689e-01
   7.9093982e-01
   7.9472173e-01
   7.9845267e-01
   8.0213267e-01
   8.0576183e-01
   8.0934025e-01
   8.1286805e-01
   8.1634539e-01
   8.1977244e-01
   8.2314940e-01
   8.2647647e-01
   8.2975390e-01
   8.3298193e-01
   8.3616084e-01
   8.3929092e-01
   8.4237248e-01
   8.4540583e-01
   8.4839131e-01
   8.5132928e-01
   8.5422009e-01
   8.5706414e-01
   8.5986180e-01
   8.6261348e-01
   8.6531959e-01
   8.6798056e-01
   8.7059682e-01
   8.7316880e-01
   8.7569697e-01
   8.7818177e-01
   8.8062367e-01
   8.8302314e-01
   8.8538066e-01
   8.8769671e-01
   8.8997177e-01
   8.9220635e-01
   8.9440092e-01
   8.9655600e-01
   8.9867208e-01
   9.0074966e-01
   9.0278926e-01
   9.0479137e-01
   9.0675650e-01
   9.0868517e-01
   9.1057788e-01
   9.1243513e-01
   9.1425745e-01
   9.1604533e-01
   9.1779928e-01
   9.1951981e-01
   9.2120742e-01
   9.2286261e-01
   9.2448588e-01
   9.2607773e-01
   9.2763864e-01
   9.2916912e-01
   9.3066964e-01
   9.3214070e-01
   9.3358278e-01
   9.3499634e-01
   9.3638187e-01
   9.3773984e-01
   9.3907070e-01
   9.4037493e-01
   9.4165297e-01
   9.4290528e-01
   9.4413231e-01
   9.4533449e-01
   9.4651227e-01
   9.4766609e-01
   9.4879635e-01
   9.4990350e-01
   9.5098795e-01
   9.5205010e-01
   9.5309037e-01
   9.5410917e-01
   9.5510687e-01
   9.5608389e-01
   9.5704060e-01
   9.5797738e-01
   9.5889461e-01
   9.5979266e-01
   9.6067190e-01
   9.6153268e-01
   9.6237536e-01
   9.6320028e-01
   9.6400780e-01
   9.6479824e-01
   9.6557194e-01
   9.6632923e-01
   9.6707044e-01
   9.6779586e-01
   9.6850583e-01
   9.6920065e-01
   9.6988061e-01
   9.7054602e-01
   9.7119716e-01
   9.7183433e-01
   9.7245780e-01
   9.7306785e-01
   9.7366476e-01
   9.7424878e-01
   9.7482019e-01
   9.7537924e-01
   9.7592619e-01
   9.7646128e-01
   9.7698475e-01
   9.7749685e-01
   9.7799782e-01
   9.7848787e-01
   9.7896725e-01
   9.7943617e-01
   9.7989485e-01
   9.8034350e-01
   9.8078234e-01
   9.8121157e-01
   9.8163139e-01
   9.8204200e-01
   9.8244360e-01
   9.8283637e-01
   9.8322051e-01
   9.8359619e-01
   9.8396360e-01
   9.8432291e-01
   9.8467429e-01
   9.8501792e-01
   9.8535396e-01
   9.8568257e-01
   9.8600392e-01
   9.8631815e-01
   9.8662542e-01
   9.8692588e-01
   9.8721968e-01
   9.8750696e-01
   9.8778787e-01
   9.8806253e-01
   9.8833109e-01
   9.8859368e-01
   9.8885042e-01
   9.8910145e-01
   9.8934689e-01
   9.8958686e-01
   9.8982148e-01
   9.9005086e-01
   9.9027513e-01
   9.9049439e-01
   9.9070876e-01
   9.9091833e-01
   9.9112322e-01
   9.9132353e-01
   9.9151935e-01
   9.9171079e-01
   9.9189795e-01
   9.9208092e-01
   9.9225978e-01
   9.9243464e-01
   9.9260557e-01
   9.9277267e-01
   9.9293603e-01
   9.9309571e-01
   9.9325181e-01
   9.9340441e-01
   9.9355357e-01
   9.9369939e-01
   9.9384192e-01
   9.9398125e-01
   9.9411745e-01
   9.9425058e-01
   9.9438072e-01
   9.9450793e-01
