116.5310119	2.725528854	25	0	0
196.0722278	6.017211062	25	0	0
228.639367	8.126964885	25	0	0
275.6500773	10.3236399	25	0	0
278.4308893	12.35213407	25	0	0
294.7594181	14.65238184	25	0	0
317.402222	16.8580487	25	0	0
311.1179198	17.78287686	25	0	0
329.3014334	21.46620398	25	0	0
357.4392551	25.8838653	25	0	0
361.1858582	29.66477061	25	0	0
365.8549582	33.99884105	25	0	0
364.3629776	42.67097831	25	0	0
56.90840305	1.179264134	15	0	0
107.5058614	2.728859168	15	0	0
137.3388128	4.101614536	15	0	0
171.7009911	5.933953216	15	0	0
188.9053924	7.495870411	15	0	0
206.9989876	8.6884558	15	0	0
218.7916289	10.34462088	15	0	0
222.4549742	11.81928385	15	0	0
231.53674	13.38419833	15	0	0
240.6218362	15.0413625	15	0	0
249.766878	18.35902115	15	0	0
256.2410082	22.69242553	15	0	0
254.56253	26.19857995	15	0	0
266.4284382	29.88423829	15	0	0
90.33809346	2.181688602	10	0	0
122.8785901	3.553444877	10	0	0
136.4529493	4.563196036	10	0	0
159.9716257	6.030532317	10	0	0
170.8451004	7.225781958	10	0	0
179.9168754	8.513947354	10	0	0
185.3685991	9.526695796	10	0	0
180.0034635	10.91243939	10	0	0
196.2886982	12.01344115	10	0	0
218.1355571	17.17143124	10	0	0
208.3044706	19.8503357	10	0	0
221.0295998	22.33641498	10	0	0
218.4086428	24.73590611	10	0	0
35.23805083	0.910507806	7	0	0
61.44429051	1.823346832	7	0	0
84.94964565	2.92168434	7	0	0
96.71564448	3.839851868	7	0	0
106.6799435	4.850935152	7	0	0
118.4492727	5.861352374	7	0	0
128.4202323	7.056935046	7	0	0
130.2885384	8.809013161	7	0	0
132.130202	9.823093728	7	0	0
133.1226355	12.31350242	7	0	0
134.1250599	15.0806602	7	0	0
139.6267384	17.47715405	7	0	0
135.2040816	19.96956093	7	0	0
47.67857143	30	2.953281853	10	20
60.53571429	30	3.827413127	10	20
64.82142857	30	4.425096525	10	20
72.85714286	30	4.863320463	10	20
79.28571429	30	5.462548263	10	20
91.07142857	30	6.173745174	10	20
99.10714286	30	7.098455598	10	20
109.8214286	30	8.241312741	10	20
129.1071429	30	10.03899614	10	20
147.3214286	30	12.53861004	10	20
195	30	19.32972973	10	20
218.0357143	30	25.23822394	10	20
47.67857143	20	3.223552124	10	20
57.85714286	20	3.987644788	10	20
66.42857143	20	4.750579151	10	20
72.85714286	20	5.34980695	10	20
85.17857143	20	6.169498069	10	20
90.53571429	20	7.038223938	10	20
105	20	8.616216216	10	20
121.6071429	20	10.68223938	10	20
145.1785714	20	14.37490347	10	20
160.7142857	20	16.6023166	10	20
167.1428571	20	17.95830116	10	20
174.6428571	20	21.63938224	10	20
45.53571429	12	3.654440154	10	20
53.57142857	12	4.308880309	10	20
60	12	5.178378378	10	20
66.96428571	12	5.94015444	10	20
73.92857143	12	6.755984556	10	20
86.25	12	7.9	10	20
95.89285714	12	9.42046332	10	20
117.8571429	12	11.92277992	10	20
133.9285714	12	15.82625483	10	20
144.1071429	12	18.37413127	10	20
148.9285714	12	19.9992278	10	20
154.8214286	12	23.94942085	10	20
155.3571429	12	28.16602317	10	20
22.5	7	3.043243243	10	20
31.07142857	7	4.238610039	10	20
36.96428571	7	5.323938224	10	20
43.92857143	7	5.977606178	10	20
42.85714286	7	6.895752896	10	20
52.5	7	7.983783784	10	20
59.46428571	7	9.61042471	10	20
68.57142857	7	11.9953668	10	20
71.78571429	7	14.10579151	10	20
77.14285714	7	16.0015444	10	20
84.10714286	7	18.54710425	10	20
84.10714286	7	20.11467181	10	20
87.32142857	7	24.22509653	10	20
114.2153126	2.17795198	20	0	0
202.8927822	4.718041435	20	0	0
260.5578455	7.396833321	20	0	0
331.1638591	12.51937854	20	0	0
357.7861581	14.89324095	20	0	0
365.2778434	17.70506844	20	0	0
368.1719748	19.99797613	20	0	0
364.6942947	22.51081083	20	0	0
390.4395842	25.40197395	20	0	0
177.4713117	6.558951906	20	10	0
199.4909972	8.33995588	20	10	0
233.4683703	11.52930224	20	10	0
275.6828868	15.09077049	20	10	0
277.7101281	18.04885618	20	10	0
306.2230573	21.38446074	20	10	0
331.0761582	24.57110861	20	10	0
346.8100465	27.82899663	20	10	0
353.3943642	30.71449292	20	10	0
360.0039803	33.96968246	20	10	0
353.8345555	37.14715545	20	10	0
115.5062939	10	3.264144171	0	5
121.1206416	10	3.834490612	0	5
126.0455733	10	4.687534811	0	5
153.3437303	10	5.414825542	0	5
154.7671209	10	6.123797854	0	5
193.2667434	10	7.213001126	0	5
198.9132722	10	8.703724333	0	5
245.8492691	10	11.07323654	0	5
265.5588974	10	14.76860619	0	5
276.1278824	10	17.04157538	0	5
280.3757751	10	18.53130841	0	5
299.3860854	10	22.22618296	0	5
90.32341911	10	3.033926206	5	5
102.2440063	10	3.962719543	5	5
126.8043024	10	6.387187009	5	5
131.6747738	10	5.682670528	5	5
166.0057183	10	7.547683586	5	5
172.3540406	10	9.109700098	5	5
206.7047888	10	11.54109886	5	5
209.5738492	10	13.5962274	5	5
235.5105021	10	15.38450113	5	5
242.5903234	10	17.8673895	5	5
250.3348062	10	19.35959798	5	5
278.5798275	10	27.16720508	5	5
60.24531828	10	2.800242595	10	5
75.6699219	10	3.943906031	10	5
112.0889186	10	5.527211516	10	5
135.8954365	10	6.39362321	10	5
135.930093	10	7.384798188	10	5
158.360254	10	8.887403612	10	5
162.6353768	10	11.15591697	10	5
178.7716758	10	12.65406657	10	5
192.1428837	10	15.07061255	10	5
206.915203	10	17.55894694	10	5
212.5617318	10	19.04967014	10	5
231.5720421	10	22.7445447	10	5
56.04693476	10	2.726473828	15	5
73.56949241	10	3.871622542	15	5
79.19126657	10	4.654363621	15	5
97.39828946	10	5.37521815	15	5
106.5191291	10	6.231232904	15	5
119.1464607	10	7.37291597	15	5
132.4805367	10	8.727488768	15	5
154.2336589	10	10.86678301	15	5
156.3786467	10	12.21343433	15	5
185.9183345	10	17.04850668	15	5
201.4790885	10	22.08607181	15	5
206.5178914	10	26.1958338	15	5