114.2153126	2.17795198	20	0	0
202.8927822	4.718041435	20	0	0
260.5578455	7.396833321	20	0	0
331.1638591	12.51937854	20	0	0
357.7861581	14.89324095	20	0	0
365.2778434	17.70506844	20	0	0
368.1719748	19.99797613	20	0	0
364.6942947	22.51081083	20	0	0
390.4395842	25.40197395	20	0	0
177.4713117	6.558951906	20	10	0
199.4909972	8.33995588	20	10	0
233.4683703	11.52930224	20	10	0
275.6828868	15.09077049	20	10	0
277.7101281	18.04885618	20	10	0
306.2230573	21.38446074	20	10	0
331.0761582	24.57110861	20	10	0
346.8100465	27.82899663	20	10	0
353.3943642	30.71449292	20	10	0
360.0039803	33.96968246	20	10	0
353.8345555	37.14715545	20	10	0