0.094943349	0	0	0.004981942	0.0067
0.123206983	0	0	0.00664765	0.0067
0.145914853	0	0	0.009965245	0.0067
0.178832219	0	0	0.015187169	0.0067
0.184417374	0	0	0.019905616	0.0067
0.188091956	0	0	0.025236353	0.0067
0.20340942	0	0	0.049417119	0.0067
0.113732184	0	0	0.004974561	0.01
0.164395122	0	0	0.006636931	0.01
0.183533152	0	0	0.010053975	0.01
0.197325078	0	0	0.015067013	0.01
0.226440375	0	0	0.019980426	0.01
0.233139652	0	0	0.025359237	0.01
0.25714516	0	0	0.051491122	0.01
0.163130542	0	0	0.004986907	0.015
0.203709814	0	0	0.0066192	0.015
0.237427274	0	0	0.00995242	0.015
0.282702619	0	0	0.015276265	0.015
0.310451381	0	0	0.020324148	0.015
0.351769485	0	0	0.025134443	0.015
0.371214252	0	0	0.052090222	0.015
0.197597557	0	0	0.005007457	0.02
0.235960043	0	0	0.006652156	0.02
0.318213181	0	0	0.010034603	0.02
0.385524149	0	0	0.015317527	0.02
0.408938673	0	0	0.02064644	0.02
0.447468861	0	0	0.02520644	0.02
0.521295937	0	0	0.049264479	0.02
0.227791266	0	0	0.004995009	0.025
0.281994519	0	0	0.006657883	0.025
0.372941217	0	0	0.009980835	0.025
0.464322321	0	0	0.015191689	0.025
0.53205596	0	0	0.019921155	0.025
0.544506006	0	0	0.024862627	0.025
0.61546439	0	0	0.049397987	0.025
0.273506747	0	0	0.004998433	0.05
0.352928973	0	0	0.006636241	0.05
0.548898002	0	0	0.009996866	0.05
0.70423792	0	0	0.015080369	0.05
0.773701604	0	0	0.019964794	0.05
0.889949316	0	0	0.025339092	0.05
1.025765737	0	0	0.049696203	0.05