0.01166884	0.33	0.050130695	0	0
0.014228935	0.33	0.066477674	0	0
0.01572935	0.33	0.099741823	0	0
0.01765286	0.33	0.124866298	0	0
0.029344262	0.33	0.244769588	0	0
0.034555985	0.33	0.482479784	0	0
0.015565217	0.5	0.050097957	0	0
0.016184448	0.5	0.066571623	0	0
0.02146283	0.5	0.100839389	0	0
0.023994638	0.5	0.124412112	0	0
0.036831276	0.5	0.24581159	0	0
0.042417062	0.5	0.48562127	0	0
0.017793241	0.67	0.049981385	0	0
0.02020316	0.67	0.066708075	0	0
0.027039275	0.67	0.123567582	0	0
0.043658537	0.67	0.242470764	0	0
0.051734104	0.67	0.504556986	0	0
0.023007712	1	0.049894543	0	0
0.025644699	1	0.066825122	0	0
0.029344262	1	0.099152495	0	0
0.033773585	1	0.124880817	0	0
0.052339181	1	0.247032846	0	0
0.062587413	1	0.490142388	0	0
0.029734219	2	0.049955812	0	0
0.033520599	2	0.06663027	0	0
0.039777778	2	0.100707012	0	0
0.047860963	2	0.125221528	0	0
0.066296296	2	0.247648035	0	0
0.073966942	2	0.49162318	0	0
0.039777778	4	0.050008847	0	0
0.04408867	4	0.066709732	0	0
0.050564972	4	0.100169748	0	0
0.059271523	4	0.124340094	0	0
0.077826087	4	0.243957841	0	0
0.08364486	4	0.492570171	0	0
0.013936232	0.333962519	0.2	0	0.005
0.017836117	0.501975739	0.2	0	0.005
0.021210376	0.670973573	0.2	0	0.005
0.025443972	1.010854824	0.2	0	0.005
0.034758132	2.017917912	0.2	0	0.005
0.042383843	4.019883041	0.2	0	0.005
0.01610733	0.333605349	0.2	0	0.00375
0.018924706	0.49794889	0.2	0	0.00375
0.023436399	0.668135428	0.2	0	0.00375
0.02758058	1.012730199	0.2	0	0.00375
0.037819564	1.987343399	0.2	0	0.00375
0.048241606	4.201426146	0.2	0	0.00375
0.017041567	0.332830615	0.2	0	0.0025
0.023164019	0.501656891	0.2	0	0.0025
0.027883896	0.669968414	0.2	0	0.0025
0.031645984	0.997329321	0.2	0	0.0025
0.044089853	2.032948135	0.2	0	0.0025
0.055980238	4.232083001	0.2	0	0.0025
0.018267987	0.334097782	0.2	0	0.00125
0.024592353	0.502036842	0.2	0	0.00125
0.030142366	0.666659483	0.2	0	0.00125
0.037115295	1.000123939	0.2	0	0.00125
0.047065715	1.964311796	0.2	0	0.00125
0.060205531	4.245636509	0.2	0	0.00125
0.02063094	0.3325116	0.2	0	0
0.028923672	0.502961979	0.2	0	0
0.033789939	0.671665611	0.2	0	0
0.040625944	1.001527129	0.2	0	0
0.058382878	2.009723877	0.2	0	0
0.066676007	4.263190536	0.2	0	0
0.007284726	0.336577374	0.25	0.008	0
0.010208032	0.502830148	0.25	0.008	0
0.012453435	0.670108053	0.25	0.008	0
0.015472505	0.992991106	0.25	0.008	0
0.020564387	2.000779158	0.25	0.008	0
0.030013441	3.90069306	0.25	0.008	0
0.010336699	0.335838677	0.25	0.006	0
0.01394367	0.500789225	0.25	0.006	0
0.015539511	0.670895894	0.25	0.006	0
0.017245852	1.004682781	0.25	0.006	0
0.028032231	1.921747468	0.25	0.006	0
0.037961047	3.751118415	0.25	0.006	0
0.015110869	0.336217937	0.25	0.004	0
0.017720023	0.503986654	0.25	0.004	0
0.020240705	0.657086882	0.25	0.004	0
0.024564592	1.006602722	0.25	0.004	0
0.037924255	2.010619296	0.25	0.004	0
0.04682859	4.502822072	0.25	0.004	0
0.018331162	0.333894076	0.25	0.002	0
0.02282657	0.504339287	0.25	0.002	0
0.030807876	0.667544031	0.25	0.002	0
0.036034977	1.019339313	0.25	0.002	0
0.047497168	1.969418081	0.25	0.002	0
0.058688417	3.928103638	0.25	0.002	0
0.035328512	0.334215932	0.25	0	0
0.041880899	0.499355842	0.25	0	0
0.046521055	0.668081335	0.25	0	0
0.055191962	0.998056649	0.25	0	0
0.06783562	1.972112223	0.25	0	0
0.082948397	3.936571812	0.25	0	0
0.015502133	2	0.049964107	0	0.00375
0.01701626	2	0.066294444	0	0.00375
0.021679631	2	0.098843337	0	0.00375
0.022932739	2	0.124642428	0	0.00375
0.03011003	2	0.249537692	0	0.00375
0.036058802	2	0.492202475	0	0.00375
0.017749837	2	0.050073837	0	0.0025
0.019545766	2	0.066474395	0	0.0025
0.022940447	2	0.098976499	0	0.0025
0.026237745	2	0.125102287	0	0.0025
0.033053601	2	0.250530454	0	0.0025
0.037987346	2	0.510983385	0	0.0025
0.020520291	2	0.049840764	0	0.00125
0.023335899	2	0.066672128	0	0.00125
0.027255045	2	0.100007562	0	0.00125
0.028560322	2	0.123288661	0	0.00125
0.035009911	2	0.246939919	0	0.00125
0.039687434	2	0.479573889	0	0.00125
0.024067447	2	0.050104667	0	0
0.027492672	2	0.066528739	0	0
0.031346092	2	0.100265368	0	0
0.033873266	2	0.125828397	0	0
0.038213749	2	0.243675143	0	0
0.040594291	2	0.496266066	0	0
0.007469467	1	0.049684141	0.006	0
0.008389761	1	0.066550897	0.006	0
0.011676217	1	0.099876801	0.006	0
0.013693807	1	0.126239759	0.006	0
0.018050807	1	0.25575131	0.006	0
0.027046795	1	0.513496394	0.006	0
0.008377344	1	0.049615841	0.0045	0
0.009966881	1	0.066488758	0.0045	0
0.012412024	1	0.10003607	0.0045	0
0.014717588	1	0.125332984	0.0045	0
0.020313325	1	0.247696719	0.0045	0
0.031354687	1	0.498816736	0.0045	0
0.012086203	1	0.049718831	0.003	0
0.013673659	1	0.066868433	0.003	0
0.017110044	1	0.100735997	0.003	0
0.021154155	1	0.125201958	0.003	0
0.030055268	1	0.250809139	0.003	0
0.037287452	1	0.522042798	0.003	0
0.013916068	1	0.049803414	0.0015	0
0.018931474	1	0.066826033	0.0015	0
0.021686167	1	0.100386726	0.0015	0
0.025216659	1	0.125577904	0.0015	0
0.036403894	1	0.251960409	0.0015	0
0.047582284	1	0.527055411	0.0015	0
0.022035947	1	0.049646693	0	0
0.026863412	1	0.066717733	0	0
0.034843586	1	0.099469571	0	0
0.040946283	1	0.125178164	0	0
0.054338187	1	0.253780582	0	0
0.067347017	1	0.512497569	0	0
-0.094943349	0	0	0.004981942	0.0067
-0.123206983	0	0	0.00664765	0.0067
-0.145914853	0	0	0.009965245	0.0067
-0.178832219	0	0	0.015187169	0.0067
-0.184417374	0	0	0.019905616	0.0067
-0.188091956	0	0	0.025236353	0.0067
-0.20340942	0	0	0.049417119	0.0067
-0.113732184	0	0	0.004974561	0.01
-0.164395122	0	0	0.006636931	0.01
-0.183533152	0	0	0.010053975	0.01
-0.197325078	0	0	0.015067013	0.01
-0.226440375	0	0	0.019980426	0.01
-0.233139652	0	0	0.025359237	0.01
-0.25714516	0	0	0.051491122	0.01
-0.163130542	0	0	0.004986907	0.015
-0.203709814	0	0	0.0066192	0.015
-0.237427274	0	0	0.00995242	0.015
-0.282702619	0	0	0.015276265	0.015
-0.310451381	0	0	0.020324148	0.015
-0.351769485	0	0	0.025134443	0.015
-0.371214252	0	0	0.052090222	0.015
-0.197597557	0	0	0.005007457	0.02
-0.235960043	0	0	0.006652156	0.02
-0.318213181	0	0	0.010034603	0.02
-0.385524149	0	0	0.015317527	0.02
-0.408938673	0	0	0.02064644	0.02
-0.447468861	0	0	0.02520644	0.02
-0.521295937	0	0	0.049264479	0.02
-0.227791266	0	0	0.004995009	0.025
-0.281994519	0	0	0.006657883	0.025
-0.372941217	0	0	0.009980835	0.025
-0.464322321	0	0	0.015191689	0.025
-0.53205596	0	0	0.019921155	0.025
-0.544506006	0	0	0.024862627	0.025
-0.61546439	0	0	0.049397987	0.025
-0.273506747	0	0	0.004998433	0.05
-0.352928973	0	0	0.006636241	0.05
-0.548898002	0	0	0.009996866	0.05
-0.70423792	0	0	0.015080369	0.05
-0.773701604	0	0	0.019964794	0.05
-0.889949316	0	0	0.025339092	0.05
-1.025765737	0	0	0.049696203	0.05