0.007284726	0.336577374	0.25	0.008	0
0.010208032	0.502830148	0.25	0.008	0
0.012453435	0.670108053	0.25	0.008	0
0.015472505	0.992991106	0.25	0.008	0
0.020564387	2.000779158	0.25	0.008	0
0.030013441	3.90069306	0.25	0.008	0
0.010336699	0.335838677	0.25	0.006	0
0.01394367	0.500789225	0.25	0.006	0
0.015539511	0.670895894	0.25	0.006	0
0.017245852	1.004682781	0.25	0.006	0
0.028032231	1.921747468	0.25	0.006	0
0.037961047	3.751118415	0.25	0.006	0
0.015110869	0.336217937	0.25	0.004	0
0.017720023	0.503986654	0.25	0.004	0
0.020240705	0.657086882	0.25	0.004	0
0.024564592	1.006602722	0.25	0.004	0
0.037924255	2.010619296	0.25	0.004	0
0.04682859	4.502822072	0.25	0.004	0
0.018331162	0.333894076	0.25	0.002	0
0.02282657	0.504339287	0.25	0.002	0
0.030807876	0.667544031	0.25	0.002	0
0.036034977	1.019339313	0.25	0.002	0
0.047497168	1.969418081	0.25	0.002	0
0.058688417	3.928103638	0.25	0.002	0
0.035328512	0.334215932	0.25	0	0
0.041880899	0.499355842	0.25	0	0
0.046521055	0.668081335	0.25	0	0
0.055191962	0.998056649	0.25	0	0
0.06783562	1.972112223	0.25	0	0
0.082948397	3.936571812	0.25	0	0